# BEGIN PLOT
Legend=1
LogY=1
Title=Durham jet resolution $5 \to 4$ ($E_\mathrm{CMS}=91.2$ GeV)
XLabel=$-\ln(y_{45})$
YLabel=$1/\sigma \; \mathrm{d}\sigma/\mathrm{d}\ln(y_{45})$
LegendXPos=0.25
LegendYPos=0.4
DrawOnly=/ALEPH_2004_S5765862/d173-x01-y01 //home/Zykerin/NewData/EE.yoda/ALEPH_2004_S5765862/d173-x01-y01
LegendOnly=/ALEPH_2004_S5765862/d173-x01-y01 //home/Zykerin/NewData/EE.yoda/ALEPH_2004_S5765862/d173-x01-y01
RatioPlot=1
RatioPlotReference=/ALEPH_2004_S5765862/d173-x01-y01
# END PLOT

# BEGIN HISTO1D /ALEPH_2004_S5765862/d173-x01-y01
ConnectBins=0
ErrorBars=1
IsRef=1
Path=/ALEPH_2004_S5765862/d173-x01-y01
PolyMarker=*
Title=Data
# xlow	 xhigh	 val	 errminus	 errplus
3.200000e+00	3.400000e+00	7.000000e-05	3.464102e-05	3.464102e-05
3.400000e+00	3.600000e+00	3.000000e-04	1.500000e-04	1.500000e-04
3.600000e+00	3.800000e+00	5.800000e-04	2.894823e-04	2.894823e-04
3.800000e+00	4.000000e+00	1.540000e-03	1.989975e-04	1.989975e-04
4.000000e+00	4.200000e+00	2.540000e-03	2.861818e-04	2.861818e-04
4.200000e+00	4.400000e+00	4.530000e-03	5.908468e-04	5.908468e-04
4.400000e+00	4.600000e+00	7.310000e-03	7.801282e-04	7.801282e-04
4.600000e+00	4.800000e+00	1.153000e-02	1.344842e-03	1.344842e-03
4.800000e+00	5.000000e+00	1.691000e-02	1.852782e-03	1.852782e-03
5.000000e+00	5.200000e+00	2.486000e-02	2.698537e-03	2.698537e-03
5.200000e+00	5.400000e+00	3.563000e-02	3.956084e-03	3.956084e-03
5.400000e+00	5.600000e+00	5.206000e-02	5.650398e-03	5.650398e-03
5.600000e+00	5.800000e+00	7.552000e-02	5.607477e-03	5.607477e-03
5.800000e+00	6.000000e+00	1.076600e-01	8.021097e-03	8.021097e-03
6.000000e+00	6.200000e+00	1.486300e-01	1.063263e-02	1.063263e-02
6.200000e+00	6.400000e+00	2.003700e-01	5.646424e-03	5.646424e-03
6.400000e+00	6.600000e+00	2.525500e-01	7.943456e-03	7.943456e-03
6.600000e+00	6.800000e+00	3.090400e-01	1.031393e-02	1.031393e-02
6.800000e+00	7.000000e+00	3.630600e-01	4.148084e-03	4.148084e-03
7.000000e+00	7.200000e+00	4.063100e-01	4.384119e-03	4.384119e-03
7.200000e+00	7.400000e+00	4.316600e-01	5.173664e-03	5.173664e-03
7.400000e+00	7.600000e+00	4.426500e-01	6.217403e-03	6.217403e-03
7.600000e+00	7.800000e+00	4.299400e-01	5.504489e-03	5.504489e-03
7.800000e+00	8.000000e+00	3.995400e-01	5.270636e-03	5.270636e-03
8.000000e+00	8.200000e+00	3.483500e-01	1.287081e-02	1.287081e-02
8.200000e+00	8.400000e+00	2.902600e-01	1.086794e-02	1.086794e-02
8.400000e+00	8.600000e+00	2.274600e-01	9.425381e-03	9.425381e-03
8.600000e+00	8.800000e+00	1.623300e-01	8.918498e-03	8.918498e-03
8.800000e+00	9.000000e+00	1.071100e-01	5.714000e-03	5.714000e-03
9.000000e+00	9.200000e+00	6.511000e-02	3.683327e-03	3.683327e-03
9.200000e+00	9.400000e+00	3.520000e-02	1.213507e-03	1.213507e-03
9.400000e+00	9.600000e+00	1.856000e-02	1.038894e-03	1.038894e-03
9.600000e+00	9.800000e+00	8.980000e-03	7.632169e-04	7.632169e-04
9.800000e+00	1.000000e+01	4.540000e-03	1.203370e-03	1.203370e-03
1.000000e+01	1.020000e+01	2.140000e-03	8.678133e-04	8.678133e-04
1.020000e+01	1.040000e+01	1.240000e-03	6.836666e-04	6.836666e-04
1.040000e+01	1.060000e+01	9.000000e-04	7.009280e-04	7.009280e-04
1.060000e+01	1.080000e+01	6.200000e-04	5.758472e-04	5.758472e-04
1.080000e+01	1.100000e+01	5.500000e-04	6.010824e-04	6.010824e-04
1.100000e+01	1.120000e+01	5.500000e-04	5.467175e-04	5.467175e-04
1.120000e+01	1.140000e+01	4.500000e-04	4.771792e-04	4.771792e-04
1.140000e+01	1.160000e+01	2.100000e-04	2.887906e-04	2.887906e-04
1.160000e+01	1.180000e+01	5.000000e-04	7.491996e-04	7.491996e-04
1.180000e+01	1.200000e+01	1.200000e-04	1.714643e-04	1.714643e-04
# END HISTO1D


# BEGIN HISTO1D //home/Zykerin/NewData/EE.yoda/ALEPH_2004_S5765862/d173-x01-y01
ErrorBars=1
LineColor=red
LineStyle=solid
Path=//home/Zykerin/NewData/EE.yoda/ALEPH_2004_S5765862/d173-x01-y01
ScaledBy=1.99999999999999991e-07
Title=Herwig 7.3.0 PS + MECorr
# xlow	 xhigh	 val	 errminus	 errplus
3.200000e+00	3.400000e+00	1.640000e-04	1.280625e-05	1.280625e-05
3.400000e+00	3.600000e+00	4.390000e-04	2.095233e-05	2.095233e-05
3.600000e+00	3.800000e+00	1.012000e-03	3.181195e-05	3.181195e-05
3.800000e+00	4.000000e+00	2.044000e-03	4.521062e-05	4.521062e-05
4.000000e+00	4.200000e+00	3.746000e-03	6.120457e-05	6.120457e-05
4.200000e+00	4.400000e+00	6.338000e-03	7.961156e-05	7.961156e-05
4.400000e+00	4.600000e+00	1.041700e-02	1.020637e-04	1.020637e-04
4.600000e+00	4.800000e+00	1.638000e-02	1.279844e-04	1.279844e-04
4.800000e+00	5.000000e+00	2.459400e-02	1.568247e-04	1.568247e-04
5.000000e+00	5.200000e+00	3.588500e-02	1.894334e-04	1.894334e-04
5.200000e+00	5.400000e+00	5.210600e-02	2.282674e-04	2.282674e-04
5.400000e+00	5.600000e+00	7.444300e-02	2.728424e-04	2.728424e-04
5.600000e+00	5.800000e+00	1.028550e-01	3.207101e-04	3.207101e-04
5.800000e+00	6.000000e+00	1.402950e-01	3.745597e-04	3.745597e-04
6.000000e+00	6.200000e+00	1.851030e-01	4.302360e-04	4.302360e-04
6.200000e+00	6.400000e+00	2.355570e-01	4.853421e-04	4.853421e-04
6.400000e+00	6.600000e+00	2.873800e-01	5.360784e-04	5.360784e-04
6.600000e+00	6.800000e+00	3.370150e-01	5.805299e-04	5.805299e-04
6.800000e+00	7.000000e+00	3.806760e-01	6.169895e-04	6.169895e-04
7.000000e+00	7.200000e+00	4.105050e-01	6.407066e-04	6.407066e-04
7.200000e+00	7.400000e+00	4.228660e-01	6.502815e-04	6.502815e-04
7.400000e+00	7.600000e+00	4.166560e-01	6.454890e-04	6.454890e-04
7.600000e+00	7.800000e+00	3.928950e-01	6.268134e-04	6.268134e-04
7.800000e+00	8.000000e+00	3.503070e-01	5.918674e-04	5.918674e-04
8.000000e+00	8.200000e+00	2.986860e-01	5.465217e-04	5.465217e-04
8.200000e+00	8.400000e+00	2.408930e-01	4.908085e-04	4.908085e-04
8.400000e+00	8.600000e+00	1.855810e-01	4.307911e-04	4.307911e-04
8.600000e+00	8.800000e+00	1.355630e-01	3.681888e-04	3.681888e-04
8.800000e+00	9.000000e+00	9.362000e-02	3.059739e-04	3.059739e-04
9.000000e+00	9.200000e+00	6.166300e-02	2.483204e-04	2.483204e-04
9.200000e+00	9.400000e+00	3.892700e-02	1.972993e-04	1.972993e-04
9.400000e+00	9.600000e+00	2.347700e-02	1.532221e-04	1.532221e-04
9.600000e+00	9.800000e+00	1.376500e-02	1.173243e-04	1.173243e-04
9.800000e+00	1.000000e+01	7.801000e-03	8.832327e-05	8.832327e-05
1.000000e+01	1.020000e+01	4.329000e-03	6.579514e-05	6.579514e-05
1.020000e+01	1.040000e+01	2.465000e-03	4.964877e-05	4.964877e-05
1.040000e+01	1.060000e+01	1.372000e-03	3.704052e-05	3.704052e-05
1.060000e+01	1.080000e+01	7.960000e-04	2.821347e-05	2.821347e-05
1.080000e+01	1.100000e+01	4.350000e-04	2.085665e-05	2.085665e-05
1.100000e+01	1.120000e+01	2.730000e-04	1.652271e-05	1.652271e-05
1.120000e+01	1.140000e+01	1.580000e-04	1.256981e-05	1.256981e-05
1.140000e+01	1.160000e+01	1.190000e-04	1.090871e-05	1.090871e-05
1.160000e+01	1.180000e+01	7.500000e-05	8.660254e-06	8.660254e-06
1.180000e+01	1.200000e+01	8.200000e-05	9.055385e-06	9.055385e-06
# END HISTO1D

