# BEGIN PLOT
Legend=1
LogY=1
Title=2-jet fraction ($E_\mathrm{CMS}=206$ GeV)
XLabel=$\log(y_\mathrm{cut})$
YLabel=$\sigma(\mathrm{2~jet})/\sigma(\mathrm{inclusive})$
LegendYPos=0.6
DrawOnly=/ALEPH_2004_S5765862/d202-x01-y01 //home/Zykerin/NewData/LHE-LEP-NoShower-Rivet.yoda/ALEPH_2004_S5765862/d202-x01-y01 //home/Zykerin/NewData/EE.yoda/ALEPH_2004_S5765862/d202-x01-y01
LegendOnly=/ALEPH_2004_S5765862/d202-x01-y01 //home/Zykerin/NewData/LHE-LEP-NoShower-Rivet.yoda/ALEPH_2004_S5765862/d202-x01-y01 //home/Zykerin/NewData/EE.yoda/ALEPH_2004_S5765862/d202-x01-y01
RatioPlot=1
RatioPlotReference=/ALEPH_2004_S5765862/d202-x01-y01
# END PLOT

# BEGIN HISTO1D /ALEPH_2004_S5765862/d202-x01-y01
ConnectBins=0
ErrorBars=1
IsRef=1
Path=/ALEPH_2004_S5765862/d202-x01-y01
PolyMarker=*
Title=Data
# xlow	 xhigh	 val	 errminus	 errplus
-5.100000e+00	-4.900000e+00	6.000000e-04	5.000000e-04	5.000000e-04
-4.900000e+00	-4.700000e+00	1.000000e-03	5.099020e-04	5.099020e-04
-4.700000e+00	-4.500000e+00	4.000000e-04	2.284732e-03	2.284732e-03
-4.500000e+00	-4.300000e+00	2.500000e-03	4.301163e-03	4.301163e-03
-4.300000e+00	-4.100000e+00	7.000000e-03	5.481788e-03	5.481788e-03
-4.100000e+00	-3.900000e+00	1.040000e-02	4.967897e-03	4.967897e-03
-3.900000e+00	-3.700000e+00	3.010000e-02	7.427651e-03	7.427651e-03
-3.700000e+00	-3.500000e+00	6.530000e-02	9.759098e-03	9.759098e-03
-3.500000e+00	-3.300000e+00	1.237000e-01	1.240846e-02	1.240846e-02
-3.300000e+00	-3.100000e+00	2.077000e-01	1.408013e-02	1.408013e-02
-3.100000e+00	-2.900000e+00	2.843000e-01	1.617436e-02	1.617436e-02
-2.900000e+00	-2.700000e+00	3.708000e-01	1.753767e-02	1.753767e-02
-2.700000e+00	-2.500000e+00	4.489000e-01	1.888544e-02	1.888544e-02
-2.500000e+00	-2.300000e+00	5.307000e-01	2.073379e-02	2.073379e-02
-2.300000e+00	-2.100000e+00	6.102000e-01	2.245551e-02	2.245551e-02
-2.100000e+00	-1.900000e+00	6.801000e-01	2.383988e-02	2.383988e-02
-1.900000e+00	-1.700000e+00	7.486000e-01	2.404163e-02	2.404163e-02
-1.700000e+00	-1.500000e+00	8.027000e-01	2.427880e-02	2.427880e-02
-1.500000e+00	-1.300000e+00	8.629000e-01	2.512688e-02	2.512688e-02
-1.300000e+00	-1.100000e+00	9.125000e-01	2.586987e-02	2.586987e-02
-1.100000e+00	-9.000000e-01	9.470000e-01	2.672770e-02	2.672770e-02
-9.000000e-01	-7.000000e-01	9.741000e-01	2.698629e-02	2.698629e-02
-7.000000e-01	-5.000000e-01	9.930000e-01	2.727380e-02	2.727380e-02
-5.000000e-01	-3.000000e-01	9.919000e-01	2.704071e-02	2.704071e-02
-3.000000e-01	-1.000000e-01	9.689000e-01	2.637594e-02	2.637594e-02
# END HISTO1D


# BEGIN HISTO1D //home/Zykerin/NewData/LHE-LEP-NoShower-Rivet.yoda/ALEPH_2004_S5765862/d202-x01-y01
ErrorBars=1
LineColor=red
LineStyle=solid
Path=//home/Zykerin/NewData/LHE-LEP-NoShower-Rivet.yoda/ALEPH_2004_S5765862/d202-x01-y01
ScaledBy=1.00009600921688489e-06
Title=My Shower
# xlow	 xhigh	 val	 errminus	 errplus
-5.100000e+00	-4.900000e+00	2.000192e-06	1.414349e-06	1.414349e-06
-4.900000e+00	-4.700000e+00	1.100105e-05	3.316943e-06	3.316943e-06
-4.700000e+00	-4.500000e+00	3.700355e-05	6.083346e-06	6.083346e-06
-4.500000e+00	-4.300000e+00	2.050197e-04	1.431920e-05	1.431920e-05
-4.300000e+00	-4.100000e+00	1.087104e-03	3.297285e-05	3.297285e-05
-4.100000e+00	-3.900000e+00	5.308510e-03	7.286302e-05	7.286302e-05
-3.900000e+00	-3.700000e+00	1.954588e-02	1.398133e-04	1.398133e-04
-3.700000e+00	-3.500000e+00	5.425420e-02	2.329365e-04	2.329365e-04
-3.500000e+00	-3.300000e+00	1.155481e-01	3.399400e-04	3.399400e-04
-3.300000e+00	-3.100000e+00	1.984541e-01	4.455032e-04	4.455032e-04
-3.100000e+00	-2.900000e+00	2.890107e-01	5.376230e-04	5.376230e-04
-2.900000e+00	-2.700000e+00	3.764422e-01	6.135782e-04	6.135782e-04
-2.700000e+00	-2.500000e+00	4.585290e-01	6.771802e-04	6.771802e-04
-2.500000e+00	-2.300000e+00	5.343315e-01	7.310147e-04	7.310147e-04
-2.300000e+00	-2.100000e+00	6.051930e-01	7.779790e-04	7.779790e-04
-2.100000e+00	-1.900000e+00	6.731335e-01	8.204866e-04	8.204866e-04
-1.900000e+00	-1.700000e+00	7.381790e-01	8.592146e-04	8.592146e-04
-1.700000e+00	-1.500000e+00	7.994065e-01	8.941384e-04	8.941384e-04
-1.500000e+00	-1.300000e+00	8.544140e-01	9.243895e-04	9.243895e-04
-1.300000e+00	-1.100000e+00	9.023245e-01	9.499533e-04	9.499533e-04
-1.100000e+00	-9.000000e-01	9.422345e-01	9.707343e-04	9.707343e-04
-9.000000e-01	-7.000000e-01	9.728665e-01	9.863872e-04	9.863872e-04
-7.000000e-01	-5.000000e-01	9.931795e-01	9.966317e-04	9.966317e-04
-5.000000e-01	-3.000000e-01	9.999870e-01	1.000041e-03	1.000041e-03
-3.000000e-01	-1.000000e-01	9.970735e-01	9.985837e-04	9.985837e-04
# END HISTO1D


# BEGIN HISTO1D //home/Zykerin/NewData/EE.yoda/ALEPH_2004_S5765862/d202-x01-y01
ErrorBars=1
LineColor=blue
LineStyle=solid
Path=//home/Zykerin/NewData/EE.yoda/ALEPH_2004_S5765862/d202-x01-y01
ScaledBy=1.99999999999999991e-07
Title=Herwig 7.3.0 PS + MECorr
# xlow	 xhigh	 val	 errminus	 errplus
-5.100000e+00	-4.900000e+00	6.000000e-07	3.464102e-07	3.464102e-07
-4.900000e+00	-4.700000e+00	2.800000e-06	7.483315e-07	7.483315e-07
-4.700000e+00	-4.500000e+00	1.800000e-05	1.897367e-06	1.897367e-06
-4.500000e+00	-4.300000e+00	1.034000e-04	4.547527e-06	4.547527e-06
-4.300000e+00	-4.100000e+00	6.136000e-04	1.107791e-05	1.107791e-05
-4.100000e+00	-3.900000e+00	2.947200e-03	2.427839e-05	2.427839e-05
-3.900000e+00	-3.700000e+00	1.106560e-02	4.704381e-05	4.704381e-05
-3.700000e+00	-3.500000e+00	3.168180e-02	7.960126e-05	7.960126e-05
-3.500000e+00	-3.300000e+00	7.205120e-02	1.200427e-04	1.200427e-04
-3.300000e+00	-3.100000e+00	1.336310e-01	1.634815e-04	1.634815e-04
-3.100000e+00	-2.900000e+00	2.112042e-01	2.055258e-04	2.055258e-04
-2.900000e+00	-2.700000e+00	2.959080e-01	2.432727e-04	2.432727e-04
-2.700000e+00	-2.500000e+00	3.828992e-01	2.767306e-04	2.767306e-04
-2.500000e+00	-2.300000e+00	4.699440e-01	3.065759e-04	3.065759e-04
-2.300000e+00	-2.100000e+00	5.554105e-01	3.332899e-04	3.332899e-04
-2.100000e+00	-1.900000e+00	6.377435e-01	3.571396e-04	3.571396e-04
-1.900000e+00	-1.700000e+00	7.150210e-01	3.781589e-04	3.781589e-04
-1.700000e+00	-1.500000e+00	7.850225e-01	3.962379e-04	3.962379e-04
-1.500000e+00	-1.300000e+00	8.460830e-01	4.113595e-04	4.113595e-04
-1.300000e+00	-1.100000e+00	8.973990e-01	4.236505e-04	4.236505e-04
-1.100000e+00	-9.000000e-01	9.382680e-01	4.331900e-04	4.331900e-04
-9.000000e-01	-7.000000e-01	9.688910e-01	4.402025e-04	4.402025e-04
-7.000000e-01	-5.000000e-01	9.900910e-01	4.449924e-04	4.449924e-04
-5.000000e-01	-3.000000e-01	9.999455e-01	4.472014e-04	4.472014e-04
-3.000000e-01	-1.000000e-01	9.960840e-01	4.463370e-04	4.463370e-04
# END HISTO1D

