# BEGIN PLOT
Legend=1
LogY=1
Title=3-jet fraction ($E_\mathrm{CMS}=183$ GeV)
XLabel=$\log(y_\mathrm{cut})$
YLabel=$\sigma(\mathrm{3~jet})/\sigma(\mathrm{inclusive})$
LegendXPos=0.25
LegendYPos=0.6
DrawOnly=/ALEPH_2004_S5765862/d207-x01-y01 //home/Zykerin/NewData/EE.yoda/ALEPH_2004_S5765862/d207-x01-y01
LegendOnly=/ALEPH_2004_S5765862/d207-x01-y01 //home/Zykerin/NewData/EE.yoda/ALEPH_2004_S5765862/d207-x01-y01
RatioPlot=1
RatioPlotReference=/ALEPH_2004_S5765862/d207-x01-y01
# END PLOT

# BEGIN HISTO1D /ALEPH_2004_S5765862/d207-x01-y01
ConnectBins=0
ErrorBars=1
IsRef=1
Path=/ALEPH_2004_S5765862/d207-x01-y01
PolyMarker=*
Title=Data
# xlow	 xhigh	 val	 errminus	 errplus
-5.100000e+00	-4.900000e+00	9.000000e-04	0.000000e+00	0.000000e+00
-4.900000e+00	-4.700000e+00	9.000000e-04	0.000000e+00	0.000000e+00
-4.700000e+00	-4.500000e+00	1.700000e-03	0.000000e+00	0.000000e+00
-4.500000e+00	-4.300000e+00	2.500000e-03	2.860070e-03	2.860070e-03
-4.300000e+00	-4.100000e+00	1.250000e-02	6.860029e-03	6.860029e-03
-4.100000e+00	-3.900000e+00	5.080000e-02	1.241934e-02	1.241934e-02
-3.900000e+00	-3.700000e+00	9.870000e-02	1.632942e-02	1.632942e-02
-3.700000e+00	-3.500000e+00	1.579000e-01	2.208642e-02	2.208642e-02
-3.500000e+00	-3.300000e+00	2.523000e-01	2.737755e-02	2.737755e-02
-3.300000e+00	-3.100000e+00	3.436000e-01	3.218959e-02	3.218959e-02
-3.100000e+00	-2.900000e+00	3.587000e-01	3.508276e-02	3.508276e-02
-2.900000e+00	-2.700000e+00	3.826000e-01	3.581341e-02	3.581341e-02
-2.700000e+00	-2.500000e+00	3.776000e-01	3.514541e-02	3.514541e-02
-2.500000e+00	-2.300000e+00	3.844000e-01	3.538149e-02	3.538149e-02
-2.300000e+00	-2.100000e+00	3.456000e-01	3.416724e-02	3.416724e-02
-2.100000e+00	-1.900000e+00	2.865000e-01	3.117707e-02	3.117707e-02
-1.900000e+00	-1.700000e+00	2.527000e-01	2.726628e-02	2.726628e-02
-1.700000e+00	-1.500000e+00	2.141000e-01	2.510777e-02	2.510777e-02
-1.500000e+00	-1.300000e+00	1.540000e-01	2.191849e-02	2.191849e-02
-1.300000e+00	-1.100000e+00	1.047000e-01	1.802471e-02	1.802471e-02
-1.100000e+00	-9.000000e-01	6.080000e-02	1.431084e-02	1.431084e-02
-9.000000e-01	-7.000000e-01	2.040000e-02	8.676981e-03	8.676981e-03
-7.000000e-01	-5.000000e-01	1.100000e-03	2.884441e-03	2.884441e-03
# END HISTO1D


# BEGIN HISTO1D //home/Zykerin/NewData/EE.yoda/ALEPH_2004_S5765862/d207-x01-y01
ErrorBars=1
LineColor=red
LineStyle=solid
Path=//home/Zykerin/NewData/EE.yoda/ALEPH_2004_S5765862/d207-x01-y01
ScaledBy=1.99999999999999991e-07
Title=Herwig 7.3.0 PS + MECorr
# xlow	 xhigh	 val	 errminus	 errplus
-5.100000e+00	-4.900000e+00	1.260000e-05	1.587451e-06	1.587451e-06
-4.900000e+00	-4.700000e+00	3.760000e-05	2.742262e-06	2.742262e-06
-4.700000e+00	-4.500000e+00	1.936000e-04	6.222540e-06	6.222540e-06
-4.500000e+00	-4.300000e+00	9.472000e-04	1.376372e-05	1.376372e-05
-4.300000e+00	-4.100000e+00	4.384800e-03	2.961351e-05	2.961351e-05
-4.100000e+00	-3.900000e+00	1.645540e-02	5.736794e-05	5.736794e-05
-3.900000e+00	-3.700000e+00	4.706640e-02	9.702206e-05	9.702206e-05
-3.700000e+00	-3.500000e+00	1.042808e-01	1.444166e-04	1.444166e-04
-3.500000e+00	-3.300000e+00	1.841000e-01	1.918854e-04	1.918854e-04
-3.300000e+00	-3.100000e+00	2.683378e-01	2.316626e-04	2.316626e-04
-3.100000e+00	-2.900000e+00	3.353722e-01	2.589874e-04	2.589874e-04
-2.900000e+00	-2.700000e+00	3.742320e-01	2.735807e-04	2.735807e-04
-2.700000e+00	-2.500000e+00	3.865694e-01	2.780537e-04	2.780537e-04
-2.500000e+00	-2.300000e+00	3.766834e-01	2.744753e-04	2.744753e-04
-2.300000e+00	-2.100000e+00	3.488400e-01	2.641363e-04	2.641363e-04
-2.100000e+00	-1.900000e+00	3.073670e-01	2.479383e-04	2.479383e-04
-1.900000e+00	-1.700000e+00	2.574310e-01	2.269057e-04	2.269057e-04
-1.700000e+00	-1.500000e+00	2.036448e-01	2.018141e-04	2.018141e-04
-1.500000e+00	-1.300000e+00	1.510000e-01	1.737815e-04	1.737815e-04
-1.300000e+00	-1.100000e+00	1.032306e-01	1.436876e-04	1.436876e-04
-1.100000e+00	-9.000000e-01	6.291400e-02	1.121731e-04	1.121731e-04
-9.000000e-01	-7.000000e-01	3.169700e-02	7.962035e-05	7.962035e-05
-7.000000e-01	-5.000000e-01	1.009380e-02	4.493061e-05	4.493061e-05
# END HISTO1D

