# BEGIN PLOT
Legend=1
LogY=1
Title=$\geq$6-jet fraction ($E_\mathrm{CMS}=206$ GeV)
XLabel=$\log(y_\mathrm{cut})$
YLabel=$\sigma(\geq\mathrm{6~jet})/\sigma(\mathrm{inclusive})$
LegendXPos=0.05
LegendYPos=0.6
DrawOnly=/ALEPH_2004_S5765862/d234-x01-y01 //home/Zykerin/NewData/LHE-LEP-NoShower-Rivet.yoda/ALEPH_2004_S5765862/d234-x01-y01 //home/Zykerin/NewData/EE.yoda/ALEPH_2004_S5765862/d234-x01-y01
LegendOnly=/ALEPH_2004_S5765862/d234-x01-y01 //home/Zykerin/NewData/LHE-LEP-NoShower-Rivet.yoda/ALEPH_2004_S5765862/d234-x01-y01 //home/Zykerin/NewData/EE.yoda/ALEPH_2004_S5765862/d234-x01-y01
RatioPlot=1
RatioPlotReference=/ALEPH_2004_S5765862/d234-x01-y01
# END PLOT

# BEGIN HISTO1D /ALEPH_2004_S5765862/d234-x01-y01
ConnectBins=0
ErrorBars=1
IsRef=1
Path=/ALEPH_2004_S5765862/d234-x01-y01
PolyMarker=*
Title=Data
# xlow	 xhigh	 val	 errminus	 errplus
-5.100000e+00	-4.900000e+00	9.927000e-01	2.733368e-02	2.733368e-02
-4.900000e+00	-4.700000e+00	9.896000e-01	2.722444e-02	2.722444e-02
-4.700000e+00	-4.500000e+00	9.743000e-01	2.699815e-02	2.699815e-02
-4.500000e+00	-4.300000e+00	9.204000e-01	2.663607e-02	2.663607e-02
-4.300000e+00	-4.100000e+00	8.021000e-01	2.571789e-02	2.571789e-02
-4.100000e+00	-3.900000e+00	6.314000e-01	2.473095e-02	2.473095e-02
-3.900000e+00	-3.700000e+00	4.352000e-01	2.383212e-02	2.383212e-02
-3.700000e+00	-3.500000e+00	2.596000e-01	2.136212e-02	2.136212e-02
-3.500000e+00	-3.300000e+00	1.474000e-01	1.598061e-02	1.598061e-02
-3.300000e+00	-3.100000e+00	7.150000e-02	9.794386e-03	9.794386e-03
-3.100000e+00	-2.900000e+00	3.830000e-02	6.576473e-03	6.576473e-03
-2.900000e+00	-2.700000e+00	1.790000e-02	5.281098e-03	5.281098e-03
-2.700000e+00	-2.500000e+00	7.300000e-03	3.848376e-03	3.848376e-03
-2.500000e+00	-2.300000e+00	1.200000e-03	3.130495e-03	3.130495e-03
-2.300000e+00	-2.100000e+00	8.000000e-04	2.441311e-03	2.441311e-03
# END HISTO1D


# BEGIN HISTO1D //home/Zykerin/NewData/LHE-LEP-NoShower-Rivet.yoda/ALEPH_2004_S5765862/d234-x01-y01
ErrorBars=1
LineColor=red
LineStyle=solid
Path=//home/Zykerin/NewData/LHE-LEP-NoShower-Rivet.yoda/ALEPH_2004_S5765862/d234-x01-y01
ScaledBy=1.00009600921688489e-06
Title=My Shower
# xlow	 xhigh	 val	 errminus	 errplus
-5.100000e+00	-4.900000e+00	9.990090e-01	9.995523e-04	9.995523e-04
-4.900000e+00	-4.700000e+00	9.954135e-01	9.977521e-04	9.977521e-04
-4.700000e+00	-4.500000e+00	9.810160e-01	9.905101e-04	9.905101e-04
-4.500000e+00	-4.300000e+00	9.365910e-01	9.678227e-04	9.678227e-04
-4.300000e+00	-4.100000e+00	8.376705e-01	9.152872e-04	9.152872e-04
-4.100000e+00	-3.900000e+00	6.795450e-01	8.243849e-04	8.243849e-04
-3.900000e+00	-3.700000e+00	4.858897e-01	6.970913e-04	6.970913e-04
-3.700000e+00	-3.500000e+00	3.014619e-01	5.490820e-04	5.490820e-04
-3.500000e+00	-3.300000e+00	1.616145e-01	4.020324e-04	4.020324e-04
-3.300000e+00	-3.100000e+00	7.633935e-02	2.763090e-04	2.763090e-04
-3.100000e+00	-2.900000e+00	3.362523e-02	1.833806e-04	1.833806e-04
-2.900000e+00	-2.700000e+00	1.439738e-02	1.199949e-04	1.199949e-04
-2.700000e+00	-2.500000e+00	5.932570e-03	7.702688e-05	7.702688e-05
-2.500000e+00	-2.300000e+00	2.161207e-03	4.649102e-05	4.649102e-05
-2.300000e+00	-2.100000e+00	6.990670e-04	2.644115e-05	2.644115e-05
# END HISTO1D


# BEGIN HISTO1D //home/Zykerin/NewData/EE.yoda/ALEPH_2004_S5765862/d234-x01-y01
ErrorBars=1
LineColor=blue
LineStyle=solid
Path=//home/Zykerin/NewData/EE.yoda/ALEPH_2004_S5765862/d234-x01-y01
ScaledBy=1.99999999999999991e-07
Title=Herwig 7.3.0 PS + MECorr
# xlow	 xhigh	 val	 errminus	 errplus
-5.100000e+00	-4.900000e+00	9.992285e-01	4.470410e-04	4.470410e-04
-4.900000e+00	-4.700000e+00	9.966050e-01	4.464539e-04	4.464539e-04
-4.700000e+00	-4.500000e+00	9.863900e-01	4.441599e-04	4.441599e-04
-4.500000e+00	-4.300000e+00	9.545655e-01	4.369361e-04	4.369361e-04
-4.300000e+00	-4.100000e+00	8.803530e-01	4.196077e-04	4.196077e-04
-4.100000e+00	-3.900000e+00	7.511620e-01	3.875982e-04	3.875982e-04
-3.900000e+00	-3.700000e+00	5.779700e-01	3.399912e-04	3.399912e-04
-3.700000e+00	-3.500000e+00	3.945374e-01	2.809047e-04	2.809047e-04
-3.500000e+00	-3.300000e+00	2.372484e-01	2.178295e-04	2.178295e-04
-3.300000e+00	-3.100000e+00	1.262344e-01	1.588927e-04	1.588927e-04
-3.100000e+00	-2.900000e+00	6.011420e-02	1.096487e-04	1.096487e-04
-2.900000e+00	-2.700000e+00	2.586060e-02	7.191745e-05	7.191745e-05
-2.700000e+00	-2.500000e+00	9.939000e-03	4.458475e-05	4.458475e-05
-2.500000e+00	-2.300000e+00	3.276400e-03	2.559844e-05	2.559844e-05
-2.300000e+00	-2.100000e+00	8.666000e-04	1.316511e-05	1.316511e-05
# END HISTO1D

