# BEGIN PLOT
Legend=1
LogY=1
Title=In-plane $p_\perp$ in GeV w.r.t. thrust axes ($E_\mathrm{CMS}=206$ GeV)
XLabel=$p_\perp^\mathrm{in}$ / GeV
YLabel=$N \, \mathrm{d}{\sigma}/\mathrm{d}{p_\perp^\mathrm{in}}$
FullRange=1
DrawOnly=/ALEPH_2004_S5765862/d34-x01-y01 //home/Zykerin/NewData/LHE-LEP-NoShower-Rivet.yoda/ALEPH_2004_S5765862/d34-x01-y01 //home/Zykerin/NewData/EE.yoda/ALEPH_2004_S5765862/d34-x01-y01
LegendOnly=/ALEPH_2004_S5765862/d34-x01-y01 //home/Zykerin/NewData/LHE-LEP-NoShower-Rivet.yoda/ALEPH_2004_S5765862/d34-x01-y01 //home/Zykerin/NewData/EE.yoda/ALEPH_2004_S5765862/d34-x01-y01
RatioPlot=1
RatioPlotReference=/ALEPH_2004_S5765862/d34-x01-y01
# END PLOT

# BEGIN HISTO1D /ALEPH_2004_S5765862/d34-x01-y01
ConnectBins=0
ErrorBars=1
IsRef=1
Path=/ALEPH_2004_S5765862/d34-x01-y01
PolyMarker=*
Title=Data
# xlow	 xhigh	 val	 errminus	 errplus
0.000000e+00	5.000000e-02	6.020000e+01	9.383187e-01	9.383187e-01
5.000000e-02	1.000000e-01	5.280000e+01	8.742471e-01	8.742471e-01
1.000000e-01	1.500000e-01	4.760000e+01	8.855874e-01	8.855874e-01
1.500000e-01	2.000000e-01	4.060000e+01	6.840300e-01	6.840300e-01
2.000000e-01	2.500000e-01	3.620000e+01	6.349055e-01	6.349055e-01
2.500000e-01	3.000000e-01	3.130000e+01	5.994639e-01	5.994639e-01
3.000000e-01	3.500000e-01	2.760000e+01	5.349178e-01	5.349178e-01
3.500000e-01	4.000000e-01	2.260000e+01	5.034322e-01	5.034322e-01
4.000000e-01	4.500000e-01	2.020000e+01	4.645439e-01	4.645439e-01
4.500000e-01	5.000000e-01	1.870000e+01	4.657832e-01	4.657832e-01
5.000000e-01	6.000000e-01	1.470000e+01	3.342110e-01	3.342110e-01
6.000000e-01	7.000000e-01	1.160000e+01	2.668520e-01	2.668520e-01
7.000000e-01	8.000000e-01	9.050000e+00	2.315757e-01	2.315757e-01
8.000000e-01	1.000000e+00	7.000000e+00	1.569145e-01	1.569145e-01
1.000000e+00	1.200000e+00	4.940000e+00	1.267976e-01	1.267976e-01
1.200000e+00	1.400000e+00	3.490000e+00	1.112178e-01	1.112178e-01
1.400000e+00	1.600000e+00	2.990000e+00	1.052369e-01	1.052369e-01
1.600000e+00	1.800000e+00	2.190000e+00	8.714339e-02	8.714339e-02
1.800000e+00	2.000000e+00	1.820000e+00	8.277633e-02	8.277633e-02
2.000000e+00	2.500000e+00	1.220000e+00	4.887013e-02	4.887013e-02
2.500000e+00	3.000000e+00	8.260000e-01	4.212838e-02	4.212838e-02
3.000000e+00	3.500000e+00	4.960000e-01	3.282986e-02	3.282986e-02
3.500000e+00	4.000000e+00	3.450000e-01	2.646224e-02	2.646224e-02
4.000000e+00	5.000000e+00	2.190000e-01	1.638954e-02	1.638954e-02
5.000000e+00	6.000000e+00	1.210000e-01	1.199857e-02	1.199857e-02
6.000000e+00	7.000000e+00	9.070000e-02	9.742140e-03	9.742140e-03
7.000000e+00	8.000000e+00	4.450000e-02	7.305477e-03	7.305477e-03
8.000000e+00	1.000000e+01	2.060000e-02	4.430813e-03	4.430813e-03
# END HISTO1D


# BEGIN HISTO1D //home/Zykerin/NewData/LHE-LEP-NoShower-Rivet.yoda/ALEPH_2004_S5765862/d34-x01-y01
ErrorBars=1
LineColor=red
LineStyle=solid
Path=//home/Zykerin/NewData/LHE-LEP-NoShower-Rivet.yoda/ALEPH_2004_S5765862/d34-x01-y01
ScaledBy=1.00009600921688489e-06
Title=My Shower
# xlow	 xhigh	 val	 errminus	 errplus
0.000000e+00	5.000000e-02	5.479468e+01	3.310587e-02	3.310587e-02
5.000000e-02	1.000000e-01	5.454726e+01	3.303105e-02	3.303105e-02
1.000000e-01	1.500000e-01	4.951268e+01	3.146980e-02	3.146980e-02
1.500000e-01	2.000000e-01	4.370888e+01	2.956792e-02	2.956792e-02
2.000000e-01	2.500000e-01	3.798382e+01	2.756356e-02	2.756356e-02
2.500000e-01	3.000000e-01	3.271296e+01	2.557972e-02	2.557972e-02
3.000000e-01	3.500000e-01	2.797862e+01	2.365642e-02	2.365642e-02
3.500000e-01	4.000000e-01	2.391276e+01	2.187010e-02	2.187010e-02
4.000000e-01	4.500000e-01	2.051210e+01	2.025541e-02	2.025541e-02
4.500000e-01	5.000000e-01	1.768932e+01	1.881011e-02	1.881011e-02
5.000000e-01	6.000000e-01	1.435241e+01	1.198073e-02	1.198073e-02
6.000000e-01	7.000000e-01	1.109072e+01	1.053176e-02	1.053176e-02
7.000000e-01	8.000000e-01	8.748400e+00	9.353737e-03	9.353737e-03
8.000000e-01	1.000000e+00	6.418585e+00	5.665333e-03	5.665333e-03
1.000000e+00	1.200000e+00	4.451543e+00	4.718034e-03	4.718034e-03
1.200000e+00	1.400000e+00	3.249717e+00	4.031147e-03	4.031147e-03
1.400000e+00	1.600000e+00	2.463691e+00	3.509934e-03	3.509934e-03
1.600000e+00	1.800000e+00	1.919515e+00	3.098143e-03	3.098143e-03
1.800000e+00	2.000000e+00	1.533958e+00	2.769571e-03	2.769571e-03
2.000000e+00	2.500000e+00	1.093439e+00	1.478881e-03	1.478881e-03
2.500000e+00	3.000000e+00	7.057698e-01	1.188139e-03	1.188139e-03
3.000000e+00	3.500000e+00	4.816202e-01	9.814952e-04	9.814952e-04
3.500000e+00	4.000000e+00	3.412208e-01	8.261399e-04	8.261399e-04
4.000000e+00	5.000000e+00	2.191060e-01	4.681101e-04	4.681101e-04
5.000000e+00	6.000000e+00	1.267902e-01	3.560931e-04	3.560931e-04
6.000000e+00	7.000000e+00	7.881157e-02	2.807474e-04	2.807474e-04
7.000000e+00	8.000000e+00	5.058586e-02	2.249238e-04	2.249238e-04
8.000000e+00	1.000000e+01	2.827771e-02	1.189126e-04	1.189126e-04
# END HISTO1D


# BEGIN HISTO1D //home/Zykerin/NewData/EE.yoda/ALEPH_2004_S5765862/d34-x01-y01
ErrorBars=1
LineColor=blue
LineStyle=solid
Path=//home/Zykerin/NewData/EE.yoda/ALEPH_2004_S5765862/d34-x01-y01
ScaledBy=1.99999999999999991e-07
Title=Herwig 7.3.0 PS + MECorr
# xlow	 xhigh	 val	 errminus	 errplus
0.000000e+00	5.000000e-02	5.054146e+01	1.421850e-02	1.421850e-02
5.000000e-02	1.000000e-01	4.962370e+01	1.408882e-02	1.408882e-02
1.000000e-01	1.500000e-01	4.494408e+01	1.340807e-02	1.340807e-02
1.500000e-01	2.000000e-01	3.977402e+01	1.261333e-02	1.261333e-02
2.000000e-01	2.500000e-01	3.478846e+01	1.179635e-02	1.179635e-02
2.500000e-01	3.000000e-01	3.034282e+01	1.101686e-02	1.101686e-02
3.000000e-01	3.500000e-01	2.641074e+01	1.027828e-02	1.027828e-02
3.500000e-01	4.000000e-01	2.301712e+01	9.595234e-03	9.595234e-03
4.000000e-01	4.500000e-01	2.013238e+01	8.973824e-03	8.973824e-03
4.500000e-01	5.000000e-01	1.770056e+01	8.414407e-03	8.414407e-03
5.000000e-01	6.000000e-01	1.479174e+01	5.439069e-03	5.439069e-03
6.000000e-01	7.000000e-01	1.179168e+01	4.856269e-03	4.856269e-03
7.000000e-01	8.000000e-01	9.576996e+00	4.376527e-03	4.376527e-03
8.000000e-01	1.000000e+00	7.235825e+00	2.689949e-03	2.689949e-03
1.000000e+00	1.200000e+00	5.152980e+00	2.270018e-03	2.270018e-03
1.200000e+00	1.400000e+00	3.816127e+00	1.953491e-03	1.953491e-03
1.400000e+00	1.600000e+00	2.907769e+00	1.705218e-03	1.705218e-03
1.600000e+00	1.800000e+00	2.262441e+00	1.504141e-03	1.504141e-03
1.800000e+00	2.000000e+00	1.798804e+00	1.341195e-03	1.341195e-03
2.000000e+00	2.500000e+00	1.262040e+00	7.105040e-04	7.105040e-04
2.500000e+00	3.000000e+00	7.935780e-01	5.634103e-04	5.634103e-04
3.000000e+00	3.500000e+00	5.282144e-01	4.596583e-04	4.596583e-04
3.500000e+00	4.000000e+00	3.683152e-01	3.838308e-04	3.838308e-04
4.000000e+00	5.000000e+00	2.303546e-01	2.146414e-04	2.146414e-04
5.000000e+00	6.000000e+00	1.306694e-01	1.616598e-04	1.616598e-04
6.000000e+00	7.000000e+00	7.953360e-02	1.261218e-04	1.261218e-04
7.000000e+00	8.000000e+00	5.106580e-02	1.010602e-04	1.010602e-04
8.000000e+00	1.000000e+01	2.866180e-02	5.353672e-05	5.353672e-05
# END HISTO1D

