# BEGIN PLOT
Legend=1
LogY=1
Title=Wide jet broadening ($E_\mathrm{CMS}=91.2$ GeV)
XLabel=$B_W$
YLabel=$1/\sigma \; \mathrm{d}\sigma/\mathrm{d}B_W$
LegendXPos=0.15
LegendYPos=0.6
DrawOnly=/ALEPH_2004_S5765862/d78-x01-y01 //home/Zykerin/NewData/EE.yoda/ALEPH_2004_S5765862/d78-x01-y01
LegendOnly=/ALEPH_2004_S5765862/d78-x01-y01 //home/Zykerin/NewData/EE.yoda/ALEPH_2004_S5765862/d78-x01-y01
RatioPlot=1
RatioPlotReference=/ALEPH_2004_S5765862/d78-x01-y01
# END PLOT

# BEGIN HISTO1D /ALEPH_2004_S5765862/d78-x01-y01
ConnectBins=0
ErrorBars=1
IsRef=1
Path=/ALEPH_2004_S5765862/d78-x01-y01
PolyMarker=*
Title=Data
# xlow	 xhigh	 val	 errminus	 errplus
0.000000e+00	1.000000e-02	8.960000e-02	9.641463e-02	9.641463e-02
1.000000e-02	2.000000e-02	1.297180e+00	2.284343e-01	2.284343e-01
2.000000e-02	3.000000e-02	1.104270e+01	8.989415e-01	8.989415e-01
3.000000e-02	4.000000e-02	1.603947e+01	1.844788e-01	1.844788e-01
4.000000e-02	5.000000e-02	1.319234e+01	1.460011e-01	1.460011e-01
5.000000e-02	6.000000e-02	1.033664e+01	1.161516e-01	1.161516e-01
6.000000e-02	7.000000e-02	8.266840e+00	1.089131e-01	1.089131e-01
7.000000e-02	8.000000e-02	6.705960e+00	1.032801e-01	1.032801e-01
8.000000e-02	9.000000e-02	5.564690e+00	7.640620e-02	7.640620e-02
9.000000e-02	1.000000e-01	4.554390e+00	2.021769e-01	2.021769e-01
1.000000e-01	1.100000e-01	3.859700e+00	1.675433e-01	1.675433e-01
1.100000e-01	1.200000e-01	3.212360e+00	1.454683e-01	1.454683e-01
1.200000e-01	1.300000e-01	2.751900e+00	1.099673e-01	1.099673e-01
1.300000e-01	1.400000e-01	2.340690e+00	9.573401e-02	9.573401e-02
1.400000e-01	1.500000e-01	1.958290e+00	7.849410e-02	7.849410e-02
1.500000e-01	1.600000e-01	1.701600e+00	6.984650e-02	6.984650e-02
1.600000e-01	1.700000e-01	1.428110e+00	6.291827e-02	6.291827e-02
1.700000e-01	1.800000e-01	1.206950e+00	5.070090e-02	5.070090e-02
1.800000e-01	1.900000e-01	1.011450e+00	3.455910e-02	3.455910e-02
1.900000e-01	2.000000e-01	8.395600e-01	3.013657e-02	3.013657e-02
2.000000e-01	2.100000e-01	6.882800e-01	2.301943e-02	2.301943e-02
2.100000e-01	2.200000e-01	5.667400e-01	1.628923e-02	1.628923e-02
2.200000e-01	2.300000e-01	4.488700e-01	1.261432e-02	1.261432e-02
2.300000e-01	2.400000e-01	3.557600e-01	9.449942e-03	9.449942e-03
2.400000e-01	2.500000e-01	2.468500e-01	1.060753e-02	1.060753e-02
2.500000e-01	2.600000e-01	1.678800e-01	8.923351e-03	8.923351e-03
2.600000e-01	2.700000e-01	8.992000e-02	9.214147e-03	9.214147e-03
2.700000e-01	2.800000e-01	3.116000e-02	3.622458e-03	3.622458e-03
2.800000e-01	2.900000e-01	3.750000e-03	5.781003e-04	5.781003e-04
2.900000e-01	3.000000e-01	3.400000e-04	1.029563e-04	1.029563e-04
3.000000e-01	3.100000e-01	5.000000e-05	4.472136e-05	4.472136e-05
# END HISTO1D


# BEGIN HISTO1D //home/Zykerin/NewData/EE.yoda/ALEPH_2004_S5765862/d78-x01-y01
ErrorBars=1
LineColor=red
LineStyle=solid
Path=//home/Zykerin/NewData/EE.yoda/ALEPH_2004_S5765862/d78-x01-y01
ScaledBy=1.99999999999999991e-07
Title=Herwig 7.3.0 PS + MECorr
# xlow	 xhigh	 val	 errminus	 errplus
0.000000e+00	1.000000e-02	1.334000e-02	5.165269e-04	5.165269e-04
1.000000e-02	2.000000e-02	1.221320e+00	4.942307e-03	4.942307e-03
2.000000e-02	3.000000e-02	8.395020e+00	1.295764e-02	1.295764e-02
3.000000e-02	4.000000e-02	1.447882e+01	1.701694e-02	1.701694e-02
4.000000e-02	5.000000e-02	1.379362e+01	1.660941e-02	1.660941e-02
5.000000e-02	6.000000e-02	1.116876e+01	1.494574e-02	1.494574e-02
6.000000e-02	7.000000e-02	8.981080e+00	1.340230e-02	1.340230e-02
7.000000e-02	8.000000e-02	7.248460e+00	1.204032e-02	1.204032e-02
8.000000e-02	9.000000e-02	5.942480e+00	1.090182e-02	1.090182e-02
9.000000e-02	1.000000e-01	4.877400e+00	9.876639e-03	9.876639e-03
1.000000e-01	1.100000e-01	4.056360e+00	9.007064e-03	9.007064e-03
1.100000e-01	1.200000e-01	3.382060e+00	8.224427e-03	8.224427e-03
1.200000e-01	1.300000e-01	2.841020e+00	7.537931e-03	7.537931e-03
1.300000e-01	1.400000e-01	2.405160e+00	6.935647e-03	6.935647e-03
1.400000e-01	1.500000e-01	2.030620e+00	6.372786e-03	6.372786e-03
1.500000e-01	1.600000e-01	1.723420e+00	5.870979e-03	5.870979e-03
1.600000e-01	1.700000e-01	1.457440e+00	5.398963e-03	5.398963e-03
1.700000e-01	1.800000e-01	1.249520e+00	4.999040e-03	4.999040e-03
1.800000e-01	1.900000e-01	1.055300e+00	4.594127e-03	4.594127e-03
1.900000e-01	2.000000e-01	8.851000e-01	4.207374e-03	4.207374e-03
2.000000e-01	2.100000e-01	7.283600e-01	3.816700e-03	3.816700e-03
2.100000e-01	2.200000e-01	6.068800e-01	3.483906e-03	3.483906e-03
2.200000e-01	2.300000e-01	4.868400e-01	3.120385e-03	3.120385e-03
2.300000e-01	2.400000e-01	3.872800e-01	2.783092e-03	2.783092e-03
2.400000e-01	2.500000e-01	2.831800e-01	2.379832e-03	2.379832e-03
2.500000e-01	2.600000e-01	1.727400e-01	1.858709e-03	1.858709e-03
2.600000e-01	2.700000e-01	8.904000e-02	1.334466e-03	1.334466e-03
2.700000e-01	2.800000e-01	3.266000e-02	8.082079e-04	8.082079e-04
2.800000e-01	2.900000e-01	5.660000e-03	3.364521e-04	3.364521e-04
2.900000e-01	3.000000e-01	8.200000e-04	1.280625e-04	1.280625e-04
3.000000e-01	3.100000e-01	2.000000e-04	6.324555e-05	6.324555e-05
# END HISTO1D

