# BEGIN PLOT
Legend=1
LogY=1
Title=Planarity ($E_\mathrm{CMS}=206$ GeV)
XLabel=$P$
YLabel=$1/\sigma \; \mathrm{d}\sigma/\mathrm{d}P$
DrawOnly=/ALEPH_2004_S5765862/d132-x01-y01 //Users/apapaefs/Projects/Pyresias/Caitlyn_results/EE.yoda/ALEPH_2004_S5765862/d132-x01-y01 //Users/apapaefs/Projects/Pyresias/Caitlyn_results/LHE-LEP-NoShower-Rivet-Caitlyn070725.yoda/ALEPH_2004_S5765862/d132-x01-y01 //Users/apapaefs/Projects/Pyresias/Caitlyn_results/LHE-LEP-NoShower-NoHadroniz-Rivet.yoda/ALEPH_2004_S5765862/d132-x01-y01 //Users/apapaefs/Projects/Pyresias/Caitlyn_results/LHE-LEP-NLO-NoShower-NoHadroniz-Rivet.yoda/ALEPH_2004_S5765862/d132-x01-y01
LegendOnly=/ALEPH_2004_S5765862/d132-x01-y01 //Users/apapaefs/Projects/Pyresias/Caitlyn_results/EE.yoda/ALEPH_2004_S5765862/d132-x01-y01 //Users/apapaefs/Projects/Pyresias/Caitlyn_results/LHE-LEP-NoShower-Rivet-Caitlyn070725.yoda/ALEPH_2004_S5765862/d132-x01-y01 //Users/apapaefs/Projects/Pyresias/Caitlyn_results/LHE-LEP-NoShower-NoHadroniz-Rivet.yoda/ALEPH_2004_S5765862/d132-x01-y01 //Users/apapaefs/Projects/Pyresias/Caitlyn_results/LHE-LEP-NLO-NoShower-NoHadroniz-Rivet.yoda/ALEPH_2004_S5765862/d132-x01-y01
RatioPlot=1
RatioPlotReference=/ALEPH_2004_S5765862/d132-x01-y01
# END PLOT

# BEGIN HISTO1D /ALEPH_2004_S5765862/d132-x01-y01
ConnectBins=0
ErrorBars=1
IsRef=1
Path=/ALEPH_2004_S5765862/d132-x01-y01
PolyMarker=*
Title=Data
# xlow	 xhigh	 val	 errminus	 errplus
0.000000e+00	2.000000e-03	1.332284e+02	4.492075e+00	4.492075e+00
2.000000e-03	5.000000e-03	5.293350e+01	2.552365e+00	2.552365e+00
5.000000e-03	7.000000e-03	2.727150e+01	1.864086e+00	1.864086e+00
7.000000e-03	1.000000e-02	1.989340e+01	1.650391e+00	1.650391e+00
1.000000e-02	1.500000e-02	1.488810e+01	1.042347e+00	1.042347e+00
1.500000e-02	2.000000e-02	1.010820e+01	8.459628e-01	8.459628e-01
2.000000e-02	3.000000e-02	6.258000e+00	4.996751e-01	4.996751e-01
3.000000e-02	4.000000e-02	4.268500e+00	4.091562e-01	4.091562e-01
4.000000e-02	6.000000e-02	2.725500e+00	2.407695e-01	2.407695e-01
6.000000e-02	8.000000e-02	1.356300e+00	1.961408e-01	1.961408e-01
8.000000e-02	1.000000e-01	1.288200e+00	1.913668e-01	1.913668e-01
1.000000e-01	1.200000e-01	6.747000e-01	1.497472e-01	1.497472e-01
1.200000e-01	1.400000e-01	3.271000e-01	1.172308e-01	1.172308e-01
1.400000e-01	1.600000e-01	8.074000e-01	1.740071e-01	1.740071e-01
1.600000e-01	2.000000e-01	4.211000e-01	9.467296e-02	9.467296e-02
2.000000e-01	3.000000e-01	2.601000e-01	5.432025e-02	5.432025e-02
# END HISTO1D


# BEGIN HISTO1D //Users/apapaefs/Projects/Pyresias/Caitlyn_results/EE.yoda/ALEPH_2004_S5765862/d132-x01-y01
ErrorBars=1
LineColor=red
LineStyle=solid
Path=//Users/apapaefs/Projects/Pyresias/Caitlyn_results/EE.yoda/ALEPH_2004_S5765862/d132-x01-y01
ScaledBy=1.99999999999999991e-07
Title=Herwig 7 LO+$\tilde{q}$+MECorr
# xlow	 xhigh	 val	 errminus	 errplus
0.000000e+00	2.000000e-03	1.302139e+02	1.141113e-01	1.141113e-01
2.000000e-03	5.000000e-03	5.934213e+01	6.289787e-02	6.289787e-02
5.000000e-03	7.000000e-03	3.354910e+01	5.792158e-02	5.792158e-02
7.000000e-03	1.000000e-02	2.343267e+01	3.952439e-02	3.952439e-02
1.000000e-02	1.500000e-02	1.530732e+01	2.474455e-02	2.474455e-02
1.500000e-02	2.000000e-02	1.031524e+01	2.031279e-02	2.031279e-02
2.000000e-02	3.000000e-02	6.706700e+00	1.158162e-02	1.158162e-02
3.000000e-02	4.000000e-02	4.300860e+00	9.274546e-03	9.274546e-03
4.000000e-02	6.000000e-02	2.682810e+00	5.179585e-03	5.179585e-03
6.000000e-02	8.000000e-02	1.623950e+00	4.029826e-03	4.029826e-03
8.000000e-02	1.000000e-01	1.096260e+00	3.310982e-03	3.310982e-03
1.000000e-01	1.200000e-01	7.951700e-01	2.819876e-03	2.819876e-03
1.200000e-01	1.400000e-01	6.040200e-01	2.457682e-03	2.457682e-03
1.400000e-01	1.600000e-01	4.708400e-01	2.169885e-03	2.169885e-03
1.600000e-01	2.000000e-01	3.415750e-01	1.306857e-03	1.306857e-03
2.000000e-01	3.000000e-01	1.820720e-01	6.034435e-04	6.034435e-04
# END HISTO1D


# BEGIN HISTO1D //Users/apapaefs/Projects/Pyresias/Caitlyn_results/LHE-LEP-NoShower-Rivet-Caitlyn070725.yoda/ALEPH_2004_S5765862/d132-x01-y01
ErrorBars=1
LineColor=blue
LineStyle=solid
Path=//Users/apapaefs/Projects/Pyresias/Caitlyn_results/LHE-LEP-NoShower-Rivet-Caitlyn070725.yoda/ALEPH_2004_S5765862/d132-x01-y01
ScaledBy=1.00009600921688489e-06
Title=Caitlyn, Jul8 2025
# xlow	 xhigh	 val	 errminus	 errplus
0.000000e+00	2.000000e-03	1.762479e+02	2.968711e-01	2.968711e-01
2.000000e-03	5.000000e-03	5.128560e+01	1.307549e-01	1.307549e-01
5.000000e-03	7.000000e-03	2.742813e+01	1.171127e-01	1.171127e-01
7.000000e-03	1.000000e-02	1.906883e+01	7.973009e-02	7.973009e-02
1.000000e-02	1.500000e-02	1.279663e+01	5.059221e-02	5.059221e-02
1.500000e-02	2.000000e-02	8.749840e+00	4.183463e-02	4.183463e-02
2.000000e-02	3.000000e-02	5.881565e+00	2.425310e-02	2.425310e-02
3.000000e-02	4.000000e-02	3.899074e+00	1.974702e-02	1.974702e-02
4.000000e-02	6.000000e-02	2.486239e+00	1.115006e-02	1.115006e-02
6.000000e-02	8.000000e-02	1.577451e+00	8.881450e-03	8.881450e-03
8.000000e-02	1.000000e-01	1.091054e+00	7.386337e-03	7.386337e-03
1.000000e-01	1.200000e-01	8.010770e-01	6.329115e-03	6.329115e-03
1.200000e-01	1.400000e-01	6.104085e-01	5.524794e-03	5.524794e-03
1.400000e-01	1.600000e-01	4.664448e-01	4.829542e-03	4.829542e-03
1.600000e-01	2.000000e-01	3.416827e-01	2.922822e-03	2.922822e-03
2.000000e-01	3.000000e-01	1.638757e-01	1.280201e-03	1.280201e-03
# END HISTO1D


# BEGIN HISTO1D //Users/apapaefs/Projects/Pyresias/Caitlyn_results/LHE-LEP-NoShower-NoHadroniz-Rivet.yoda/ALEPH_2004_S5765862/d132-x01-y01
ErrorBars=1
LineColor=green
LineStyle=solid
Path=//Users/apapaefs/Projects/Pyresias/Caitlyn_results/LHE-LEP-NoShower-NoHadroniz-Rivet.yoda/ALEPH_2004_S5765862/d132-x01-y01
ScaledBy=9.99999999999999955e-07
Title=MG5 LO, No Shr
# xlow	 xhigh	 val	 errminus	 errplus
0.000000e+00	2.000000e-03	3.525520e+02	4.198524e-01	4.198524e-01
2.000000e-03	5.000000e-03	0.000000e+00	0.000000e+00	0.000000e+00
5.000000e-03	7.000000e-03	0.000000e+00	0.000000e+00	0.000000e+00
7.000000e-03	1.000000e-02	0.000000e+00	0.000000e+00	0.000000e+00
1.000000e-02	1.500000e-02	0.000000e+00	0.000000e+00	0.000000e+00
1.500000e-02	2.000000e-02	0.000000e+00	0.000000e+00	0.000000e+00
2.000000e-02	3.000000e-02	0.000000e+00	0.000000e+00	0.000000e+00
3.000000e-02	4.000000e-02	0.000000e+00	0.000000e+00	0.000000e+00
4.000000e-02	6.000000e-02	0.000000e+00	0.000000e+00	0.000000e+00
6.000000e-02	8.000000e-02	0.000000e+00	0.000000e+00	0.000000e+00
8.000000e-02	1.000000e-01	0.000000e+00	0.000000e+00	0.000000e+00
1.000000e-01	1.200000e-01	0.000000e+00	0.000000e+00	0.000000e+00
1.200000e-01	1.400000e-01	0.000000e+00	0.000000e+00	0.000000e+00
1.400000e-01	1.600000e-01	0.000000e+00	0.000000e+00	0.000000e+00
1.600000e-01	2.000000e-01	0.000000e+00	0.000000e+00	0.000000e+00
2.000000e-01	3.000000e-01	0.000000e+00	0.000000e+00	0.000000e+00
# END HISTO1D


# BEGIN HISTO1D //Users/apapaefs/Projects/Pyresias/Caitlyn_results/LHE-LEP-NLO-NoShower-NoHadroniz-Rivet.yoda/ALEPH_2004_S5765862/d132-x01-y01
ErrorBars=1
LineColor=orange
LineStyle=solid
Path=//Users/apapaefs/Projects/Pyresias/Caitlyn_results/LHE-LEP-NLO-NoShower-NoHadroniz-Rivet.yoda/ALEPH_2004_S5765862/d132-x01-y01
ScaledBy=1.24059935836201196e-06
Title=MG5 NLO, No Shr
# xlow	 xhigh	 val	 errminus	 errplus
0.000000e+00	2.000000e-03	3.035275e+02	4.543906e-01	4.543906e-01
2.000000e-03	5.000000e-03	3.200250e+01	1.342487e-01	1.342487e-01
5.000000e-03	7.000000e-03	1.562411e+01	1.223548e-01	1.223548e-01
7.000000e-03	1.000000e-02	1.032055e+01	8.306047e-02	8.306047e-02
1.000000e-02	1.500000e-02	6.450372e+00	5.180717e-02	5.180717e-02
1.500000e-02	2.000000e-02	4.405120e+00	4.259576e-02	4.259576e-02
2.000000e-02	3.000000e-02	2.925209e+00	2.451840e-02	2.451840e-02
3.000000e-02	4.000000e-02	1.966970e+00	1.989722e-02	1.989722e-02
4.000000e-02	6.000000e-02	1.365342e+00	1.136199e-02	1.136199e-02
6.000000e-02	8.000000e-02	9.137635e-01	9.167223e-03	9.167223e-03
8.000000e-02	1.000000e-01	7.036680e-01	7.782228e-03	7.782228e-03
1.000000e-01	1.200000e-01	5.423280e-01	6.717877e-03	6.717877e-03
1.200000e-01	1.400000e-01	4.461195e-01	5.996728e-03	5.996728e-03
1.400000e-01	1.600000e-01	3.649223e-01	5.357250e-03	5.357250e-03
1.600000e-01	2.000000e-01	2.811197e-01	3.269397e-03	3.269397e-03
2.000000e-01	3.000000e-01	1.732993e-01	1.566548e-03	1.566548e-03
# END HISTO1D

