# BEGIN PLOT
Legend=1
LogY=1
Title=Durham jet resolution $3 \to 2$ ($E_\mathrm{CMS}=91.2$ GeV)
XLabel=$-\ln(y_{23})$
YLabel=$1/\sigma \; \mathrm{d}\sigma/\mathrm{d}\ln(y_{23})$
LegendXPos=0.15
LegendYPos=0.6
DrawOnly=/ALEPH_2004_S5765862/d157-x01-y01 //Users/apapaefs/Projects/Pyresias/Caitlyn_results/EE.yoda/ALEPH_2004_S5765862/d157-x01-y01
LegendOnly=/ALEPH_2004_S5765862/d157-x01-y01 //Users/apapaefs/Projects/Pyresias/Caitlyn_results/EE.yoda/ALEPH_2004_S5765862/d157-x01-y01
RatioPlot=1
RatioPlotReference=/ALEPH_2004_S5765862/d157-x01-y01
# END PLOT

# BEGIN HISTO1D /ALEPH_2004_S5765862/d157-x01-y01
ConnectBins=0
ErrorBars=1
IsRef=1
Path=/ALEPH_2004_S5765862/d157-x01-y01
PolyMarker=*
Title=Data
# xlow	 xhigh	 val	 errminus	 errplus
1.000000e+00	1.200000e+00	1.380000e-03	2.733130e-04	2.733130e-04
1.200000e+00	1.400000e+00	1.786000e-02	1.144246e-03	1.144246e-03
1.400000e+00	1.600000e+00	3.062000e-02	1.372953e-03	1.372953e-03
1.600000e+00	1.800000e+00	4.330000e-02	1.291859e-03	1.291859e-03
1.800000e+00	2.000000e+00	5.377000e-02	2.077884e-03	2.077884e-03
2.000000e+00	2.200000e+00	6.578000e-02	1.986102e-03	1.986102e-03
2.200000e+00	2.400000e+00	7.660000e-02	2.582673e-03	2.582673e-03
2.400000e+00	2.600000e+00	8.865000e-02	2.118348e-03	2.118348e-03
2.600000e+00	2.800000e+00	9.914000e-02	2.310260e-03	2.310260e-03
2.800000e+00	3.000000e+00	1.095200e-01	2.789211e-03	2.789211e-03
3.000000e+00	3.200000e+00	1.198900e-01	3.122579e-03	3.122579e-03
3.200000e+00	3.400000e+00	1.294300e-01	3.158117e-03	3.158117e-03
3.400000e+00	3.600000e+00	1.379100e-01	3.145187e-03	3.145187e-03
3.600000e+00	3.800000e+00	1.460400e-01	5.270806e-03	5.270806e-03
3.800000e+00	4.000000e+00	1.568300e-01	5.129103e-03	5.129103e-03
4.000000e+00	4.200000e+00	1.615400e-01	5.268861e-03	5.268861e-03
4.200000e+00	4.400000e+00	1.701200e-01	4.285160e-03	4.285160e-03
4.400000e+00	4.600000e+00	1.770500e-01	4.350828e-03	4.350828e-03
4.600000e+00	4.800000e+00	1.859700e-01	4.609761e-03	4.609761e-03
4.800000e+00	5.000000e+00	1.919600e-01	4.603140e-03	4.603140e-03
5.000000e+00	5.200000e+00	2.019100e-01	4.728689e-03	4.728689e-03
5.200000e+00	5.400000e+00	2.135800e-01	4.864874e-03	4.864874e-03
5.400000e+00	5.600000e+00	2.242000e-01	5.455181e-03	5.455181e-03
5.600000e+00	5.800000e+00	2.388300e-01	5.917119e-03	5.917119e-03
5.800000e+00	6.000000e+00	2.480500e-01	6.079836e-03	6.079836e-03
6.000000e+00	6.200000e+00	2.527700e-01	5.254179e-03	5.254179e-03
6.200000e+00	6.400000e+00	2.495700e-01	5.706961e-03	5.706961e-03
6.400000e+00	6.600000e+00	2.413000e-01	6.815262e-03	6.815262e-03
6.600000e+00	6.800000e+00	2.212500e-01	1.128700e-02	1.128700e-02
6.800000e+00	7.000000e+00	1.916700e-01	8.852853e-03	8.852853e-03
7.000000e+00	7.200000e+00	1.612100e-01	7.712075e-03	7.712075e-03
7.200000e+00	7.400000e+00	1.264900e-01	8.359671e-03	8.359671e-03
7.400000e+00	7.600000e+00	9.439000e-02	6.183381e-03	6.183381e-03
7.600000e+00	7.800000e+00	6.597000e-02	4.473992e-03	4.473992e-03
7.800000e+00	8.000000e+00	4.344000e-02	3.420249e-03	3.420249e-03
8.000000e+00	8.200000e+00	2.638000e-02	2.329764e-03	2.329764e-03
8.200000e+00	8.400000e+00	1.559000e-02	1.848405e-03	1.848405e-03
8.400000e+00	8.600000e+00	8.820000e-03	1.894861e-03	1.894861e-03
8.600000e+00	8.800000e+00	4.790000e-03	1.643107e-03	1.643107e-03
8.800000e+00	9.000000e+00	2.530000e-03	1.308778e-03	1.308778e-03
9.000000e+00	9.200000e+00	1.700000e-03	1.238749e-03	1.238749e-03
9.200000e+00	9.400000e+00	9.500000e-04	7.805767e-04	7.805767e-04
9.400000e+00	9.600000e+00	4.100000e-04	3.446738e-04	3.446738e-04
9.600000e+00	9.800000e+00	3.700000e-04	3.977436e-04	3.977436e-04
9.800000e+00	1.000000e+01	1.900000e-04	1.987461e-04	1.987461e-04
1.000000e+01	1.020000e+01	1.100000e-04	6.708204e-05	6.708204e-05
1.020000e+01	1.040000e+01	9.000000e-05	1.334166e-04	1.334166e-04
1.040000e+01	1.060000e+01	3.000000e-05	2.634388e-04	2.634388e-04
1.060000e+01	1.080000e+01	5.000000e-05	5.916080e-05	5.916080e-05
# END HISTO1D


# BEGIN HISTO1D //Users/apapaefs/Projects/Pyresias/Caitlyn_results/EE.yoda/ALEPH_2004_S5765862/d157-x01-y01
ErrorBars=1
LineColor=red
LineStyle=solid
Path=//Users/apapaefs/Projects/Pyresias/Caitlyn_results/EE.yoda/ALEPH_2004_S5765862/d157-x01-y01
ScaledBy=1.99999999999999991e-07
Title=Herwig 7 LO+$\tilde{q}$+MECorr
# xlow	 xhigh	 val	 errminus	 errplus
1.000000e+00	1.200000e+00	1.652000e-03	4.064480e-05	4.064480e-05
1.200000e+00	1.400000e+00	1.892600e-02	1.375718e-04	1.375718e-04
1.400000e+00	1.600000e+00	3.541500e-02	1.881887e-04	1.881887e-04
1.600000e+00	1.800000e+00	4.691100e-02	2.165895e-04	2.165895e-04
1.800000e+00	2.000000e+00	5.722100e-02	2.392091e-04	2.392091e-04
2.000000e+00	2.200000e+00	6.745400e-02	2.597191e-04	2.597191e-04
2.200000e+00	2.400000e+00	7.789500e-02	2.790968e-04	2.790968e-04
2.400000e+00	2.600000e+00	8.834000e-02	2.972205e-04	2.972205e-04
2.600000e+00	2.800000e+00	9.980500e-02	3.159193e-04	3.159193e-04
2.800000e+00	3.000000e+00	1.107720e-01	3.328243e-04	3.328243e-04
3.000000e+00	3.200000e+00	1.214930e-01	3.485585e-04	3.485585e-04
3.200000e+00	3.400000e+00	1.327760e-01	3.643844e-04	3.643844e-04
3.400000e+00	3.600000e+00	1.436990e-01	3.790765e-04	3.790765e-04
3.600000e+00	3.800000e+00	1.541820e-01	3.926602e-04	3.926602e-04
3.800000e+00	4.000000e+00	1.651770e-01	4.064197e-04	4.064197e-04
4.000000e+00	4.200000e+00	1.754750e-01	4.188974e-04	4.188974e-04
4.200000e+00	4.400000e+00	1.853960e-01	4.305764e-04	4.305764e-04
4.400000e+00	4.600000e+00	1.950180e-01	4.416084e-04	4.416084e-04
4.600000e+00	4.800000e+00	2.072600e-01	4.552582e-04	4.552582e-04
4.800000e+00	5.000000e+00	2.176630e-01	4.665437e-04	4.665437e-04
5.000000e+00	5.200000e+00	2.290470e-01	4.785885e-04	4.785885e-04
5.200000e+00	5.400000e+00	2.409780e-01	4.908951e-04	4.908951e-04
5.400000e+00	5.600000e+00	2.520970e-01	5.020926e-04	5.020926e-04
5.600000e+00	5.800000e+00	2.578410e-01	5.077805e-04	5.077805e-04
5.800000e+00	6.000000e+00	2.608190e-01	5.107044e-04	5.107044e-04
6.000000e+00	6.200000e+00	2.533240e-01	5.033130e-04	5.033130e-04
6.200000e+00	6.400000e+00	2.372270e-01	4.870595e-04	4.870595e-04
6.400000e+00	6.600000e+00	2.146690e-01	4.633239e-04	4.633239e-04
6.600000e+00	6.800000e+00	1.866350e-01	4.320127e-04	4.320127e-04
6.800000e+00	7.000000e+00	1.553030e-01	3.940850e-04	3.940850e-04
7.000000e+00	7.200000e+00	1.233730e-01	3.512449e-04	3.512449e-04
7.200000e+00	7.400000e+00	9.422600e-02	3.069625e-04	3.069625e-04
7.400000e+00	7.600000e+00	6.905500e-02	2.627832e-04	2.627832e-04
7.600000e+00	7.800000e+00	4.740900e-02	2.177361e-04	2.177361e-04
7.800000e+00	8.000000e+00	3.121900e-02	1.766890e-04	1.766890e-04
8.000000e+00	8.200000e+00	1.935200e-02	1.391115e-04	1.391115e-04
8.200000e+00	8.400000e+00	1.136700e-02	1.066161e-04	1.066161e-04
8.400000e+00	8.600000e+00	6.447000e-03	8.029321e-05	8.029321e-05
8.600000e+00	8.800000e+00	3.424000e-03	5.851496e-05	5.851496e-05
8.800000e+00	9.000000e+00	1.812000e-03	4.256759e-05	4.256759e-05
9.000000e+00	9.200000e+00	9.050000e-04	3.008322e-05	3.008322e-05
9.200000e+00	9.400000e+00	4.190000e-04	2.046949e-05	2.046949e-05
9.400000e+00	9.600000e+00	2.300000e-04	1.516575e-05	1.516575e-05
9.600000e+00	9.800000e+00	1.220000e-04	1.104536e-05	1.104536e-05
9.800000e+00	1.000000e+01	7.600000e-05	8.717798e-06	8.717798e-06
1.000000e+01	1.020000e+01	3.800000e-05	6.164414e-06	6.164414e-06
1.020000e+01	1.040000e+01	2.100000e-05	4.582576e-06	4.582576e-06
1.040000e+01	1.060000e+01	1.200000e-05	3.464102e-06	3.464102e-06
1.060000e+01	1.080000e+01	9.000000e-06	3.000000e-06	3.000000e-06
# END HISTO1D

