# BEGIN PLOT
Legend=1
LogY=1
Title=Charged particle spectrum ($E_\mathrm{CMS}=133$ GeV)
XLabel=$x_E$
YLabel=$1/\sigma \, \mathrm{d}{\sigma}/\mathrm{d}{x_E}$
FullRange=1
DrawOnly=/ALEPH_2004_S5765862/d19-x01-y01 //Users/apapaefs/Projects/Pyresias/Caitlyn_results/EE.yoda/ALEPH_2004_S5765862/d19-x01-y01
LegendOnly=/ALEPH_2004_S5765862/d19-x01-y01 //Users/apapaefs/Projects/Pyresias/Caitlyn_results/EE.yoda/ALEPH_2004_S5765862/d19-x01-y01
RatioPlot=1
RatioPlotReference=/ALEPH_2004_S5765862/d19-x01-y01
# END PLOT

# BEGIN HISTO1D /ALEPH_2004_S5765862/d19-x01-y01
ConnectBins=0
ErrorBars=1
IsRef=1
Path=/ALEPH_2004_S5765862/d19-x01-y01
PolyMarker=*
Title=Data
# xlow	 xhigh	 val	 errminus	 errplus
1.000000e-02	2.000000e-02	5.029863e+02	1.120879e+01	1.120879e+01
2.000000e-02	3.000000e-02	2.936760e+02	7.691771e+00	7.691771e+00
3.000000e-02	4.000000e-02	1.874875e+02	5.649892e+00	5.649892e+00
4.000000e-02	5.000000e-02	1.496860e+02	4.876569e+00	4.876569e+00
5.000000e-02	6.000000e-02	1.078593e+02	4.096950e+00	4.096950e+00
6.000000e-02	7.000000e-02	8.935560e+01	3.632801e+00	3.632801e+00
7.000000e-02	8.000000e-02	6.422630e+01	2.871898e+00	2.871898e+00
8.000000e-02	9.000000e-02	5.679610e+01	2.831156e+00	2.831156e+00
9.000000e-02	1.000000e-01	4.929500e+01	2.582601e+00	2.582601e+00
1.000000e-01	1.200000e-01	3.616900e+01	1.645175e+00	1.645175e+00
1.200000e-01	1.400000e-01	2.816670e+01	1.427291e+00	1.427291e+00
1.400000e-01	1.600000e-01	2.061370e+01	1.200744e+00	1.200744e+00
1.600000e-01	1.800000e-01	1.442370e+01	9.940983e-01	9.940983e-01
1.800000e-01	2.000000e-01	1.126540e+01	8.512292e-01	8.512292e-01
2.000000e-01	2.500000e-01	8.206500e+00	4.709631e-01	4.709631e-01
2.500000e-01	3.000000e-01	6.077800e+00	4.223761e-01	4.223761e-01
3.000000e-01	4.000000e-01	2.527400e+00	1.904942e-01	1.904942e-01
4.000000e-01	5.000000e-01	1.040300e+00	1.182519e-01	1.182519e-01
5.000000e-01	6.000000e-01	4.750000e-01	8.243986e-02	8.243986e-02
6.000000e-01	7.000000e-01	1.464000e-01	4.397113e-02	4.397113e-02
7.000000e-01	8.000000e-01	6.350000e-02	2.842851e-02	2.842851e-02
8.000000e-01	1.000000e+00	1.260000e-02	7.749194e-03	7.749194e-03
# END HISTO1D


# BEGIN HISTO1D //Users/apapaefs/Projects/Pyresias/Caitlyn_results/EE.yoda/ALEPH_2004_S5765862/d19-x01-y01
ErrorBars=1
LineColor=red
LineStyle=solid
Path=//Users/apapaefs/Projects/Pyresias/Caitlyn_results/EE.yoda/ALEPH_2004_S5765862/d19-x01-y01
ScaledBy=1.99999999999999991e-07
Title=Herwig 7 LO+$\tilde{q}$+MECorr
# xlow	 xhigh	 val	 errminus	 errplus
1.000000e-02	2.000000e-02	4.708638e+02	9.704265e-02	9.704265e-02
2.000000e-02	3.000000e-02	2.875903e+02	7.584067e-02	7.584067e-02
3.000000e-02	4.000000e-02	1.934090e+02	6.219469e-02	6.219469e-02
4.000000e-02	5.000000e-02	1.397245e+02	5.286294e-02	5.286294e-02
5.000000e-02	6.000000e-02	1.056329e+02	4.596366e-02	4.596366e-02
6.000000e-02	7.000000e-02	8.256724e+01	4.063674e-02	4.063674e-02
7.000000e-02	8.000000e-02	6.622006e+01	3.639232e-02	3.639232e-02
8.000000e-02	9.000000e-02	5.422446e+01	3.293158e-02	3.293158e-02
9.000000e-02	1.000000e-01	4.528222e+01	3.009393e-02	3.009393e-02
1.000000e-01	1.200000e-01	3.558003e+01	1.886267e-02	1.886267e-02
1.200000e-01	1.400000e-01	2.649728e+01	1.627798e-02	1.627798e-02
1.400000e-01	1.600000e-01	2.029739e+01	1.424689e-02	1.424689e-02
1.600000e-01	1.800000e-01	1.591238e+01	1.261443e-02	1.261443e-02
1.800000e-01	2.000000e-01	1.270013e+01	1.126949e-02	1.126949e-02
2.000000e-01	2.500000e-01	8.901744e+00	5.967158e-03	5.967158e-03
2.500000e-01	3.000000e-01	5.506804e+00	4.693316e-03	4.693316e-03
3.000000e-01	4.000000e-01	2.924592e+00	2.418509e-03	2.418509e-03
4.000000e-01	5.000000e-01	1.273110e+00	1.595688e-03	1.595688e-03
5.000000e-01	6.000000e-01	5.540460e-01	1.052659e-03	1.052659e-03
6.000000e-01	7.000000e-01	2.299300e-01	6.781298e-04	6.781298e-04
7.000000e-01	8.000000e-01	8.853800e-02	4.208040e-04	4.208040e-04
8.000000e-01	1.000000e+00	1.501900e-02	1.225520e-04	1.225520e-04
# END HISTO1D

