# BEGIN PLOT
Legend=1
LogY=1
Title=2-jet fraction ($E_\mathrm{CMS}=91.2$ GeV)
XLabel=$\ln(y_\mathrm{cut})$
YLabel=$\sigma(\mathrm{2~jet})/\sigma(\mathrm{inclusive})$
LegendYPos=0.6
DrawOnly=/ALEPH_2004_S5765862/d195-x01-y01 //Users/apapaefs/Projects/Pyresias/Caitlyn_results/EE.yoda/ALEPH_2004_S5765862/d195-x01-y01
LegendOnly=/ALEPH_2004_S5765862/d195-x01-y01 //Users/apapaefs/Projects/Pyresias/Caitlyn_results/EE.yoda/ALEPH_2004_S5765862/d195-x01-y01
RatioPlot=1
RatioPlotReference=/ALEPH_2004_S5765862/d195-x01-y01
# END PLOT

# BEGIN HISTO1D /ALEPH_2004_S5765862/d195-x01-y01
ConnectBins=0
ErrorBars=1
IsRef=1
Path=/ALEPH_2004_S5765862/d195-x01-y01
PolyMarker=*
Title=Data
# xlow	 xhigh	 val	 errminus	 errplus
-1.000000e+01	-9.800000e+00	1.600000e-04	2.300000e-04	2.300000e-04
-9.800000e+00	-9.600000e+00	1.700000e-04	1.822087e-04	1.822087e-04
-9.600000e+00	-9.400000e+00	2.800000e-04	2.922328e-04	2.922328e-04
-9.400000e+00	-9.200000e+00	4.500000e-04	4.315090e-04	4.315090e-04
-9.200000e+00	-9.000000e+00	7.300000e-04	6.583312e-04	6.583312e-04
-9.000000e+00	-8.800000e+00	1.230000e-03	9.980481e-04	9.980481e-04
-8.800000e+00	-8.600000e+00	2.010000e-03	1.378042e-03	1.378042e-03
-8.600000e+00	-8.400000e+00	3.400000e-03	1.847539e-03	1.847539e-03
-8.400000e+00	-8.200000e+00	5.930000e-03	2.286613e-03	2.286613e-03
-8.200000e+00	-8.000000e+00	1.009000e-02	2.711015e-03	2.711015e-03
-8.000000e+00	-7.800000e+00	1.684000e-02	3.059493e-03	3.059493e-03
-7.800000e+00	-7.600000e+00	2.772000e-02	3.699324e-03	3.699324e-03
-7.600000e+00	-7.400000e+00	4.346000e-02	4.497321e-03	4.497321e-03
-7.400000e+00	-7.200000e+00	6.553000e-02	5.625140e-03	5.625140e-03
-7.200000e+00	-7.000000e+00	9.434000e-02	6.781453e-03	6.781453e-03
-7.000000e+00	-6.800000e+00	1.295900e-01	8.514717e-03	8.514717e-03
-6.800000e+00	-6.600000e+00	1.711400e-01	1.016225e-02	1.016225e-02
-6.600000e+00	-6.400000e+00	2.176000e-01	1.182757e-02	1.182757e-02
-6.400000e+00	-6.200000e+00	2.668400e-01	1.296911e-02	1.296911e-02
-6.200000e+00	-6.000000e+00	3.173300e-01	1.293041e-02	1.293041e-02
-6.000000e+00	-5.800000e+00	3.671700e-01	1.287909e-02	1.287909e-02
-5.800000e+00	-5.600000e+00	4.155600e-01	1.270906e-02	1.270906e-02
-5.600000e+00	-5.400000e+00	4.618400e-01	1.272628e-02	1.272628e-02
-5.400000e+00	-5.200000e+00	5.055000e-01	1.189995e-02	1.189995e-02
-5.200000e+00	-5.000000e+00	5.472500e-01	1.170320e-02	1.170320e-02
-5.000000e+00	-4.800000e+00	5.865600e-01	1.075239e-02	1.075239e-02
-4.800000e+00	-4.600000e+00	6.243900e-01	9.739327e-03	9.739327e-03
-4.600000e+00	-4.400000e+00	6.603400e-01	8.684434e-03	8.684434e-03
-4.400000e+00	-4.200000e+00	6.950800e-01	7.891242e-03	7.891242e-03
-4.200000e+00	-4.000000e+00	7.281100e-01	6.620793e-03	6.620793e-03
-4.000000e+00	-3.800000e+00	7.602100e-01	5.815221e-03	5.815221e-03
-3.800000e+00	-3.600000e+00	7.904100e-01	4.873490e-03	4.873490e-03
-3.600000e+00	-3.400000e+00	8.186200e-01	3.836639e-03	3.836639e-03
-3.400000e+00	-3.200000e+00	8.454000e-01	3.320407e-03	3.320407e-03
-3.200000e+00	-3.000000e+00	8.706100e-01	3.051246e-03	3.051246e-03
-3.000000e+00	-2.800000e+00	8.935600e-01	2.779370e-03	2.779370e-03
-2.800000e+00	-2.600000e+00	9.143000e-01	2.175638e-03	2.175638e-03
-2.600000e+00	-2.400000e+00	9.332000e-01	1.972334e-03	1.972334e-03
-2.400000e+00	-2.200000e+00	9.496800e-01	1.679851e-03	1.679851e-03
-2.200000e+00	-2.000000e+00	9.639200e-01	1.586222e-03	1.586222e-03
-2.000000e+00	-1.800000e+00	9.757800e-01	1.594428e-03	1.594428e-03
-1.800000e+00	-1.600000e+00	9.855200e-01	1.728294e-03	1.728294e-03
-1.600000e+00	-1.400000e+00	9.929700e-01	1.801777e-03	1.801777e-03
-1.400000e+00	-1.200000e+00	9.978900e-01	1.796552e-03	1.796552e-03
-1.200000e+00	-1.000000e+00	9.997600e-01	1.342237e-03	1.342237e-03
-1.000000e+00	-8.000000e-01	9.997300e-01	1.118302e-03	1.118302e-03
-8.000000e-01	-6.000000e-01	9.964100e-01	2.129437e-03	2.129437e-03
-6.000000e-01	-4.000000e-01	9.795700e-01	5.200471e-03	5.200471e-03
-4.000000e-01	-2.000000e-01	9.230700e-01	4.493084e-03	4.493084e-03
-2.000000e-01	0.000000e+00	7.045000e-01	8.875793e-03	8.875793e-03
# END HISTO1D


# BEGIN HISTO1D //Users/apapaefs/Projects/Pyresias/Caitlyn_results/EE.yoda/ALEPH_2004_S5765862/d195-x01-y01
ErrorBars=1
LineColor=red
LineStyle=solid
Path=//Users/apapaefs/Projects/Pyresias/Caitlyn_results/EE.yoda/ALEPH_2004_S5765862/d195-x01-y01
ScaledBy=1.99999999999999991e-07
Title=Herwig 7 LO+$\tilde{q}$+MECorr
# xlow	 xhigh	 val	 errminus	 errplus
-1.000000e+01	-9.800000e+00	1.860000e-05	1.928730e-06	1.928730e-06
-9.800000e+00	-9.600000e+00	3.380000e-05	2.600000e-06	2.600000e-06
-9.600000e+00	-9.400000e+00	5.820000e-05	3.411744e-06	3.411744e-06
-9.400000e+00	-9.200000e+00	1.042000e-04	4.565085e-06	4.565085e-06
-9.200000e+00	-9.000000e+00	1.880000e-04	6.131884e-06	6.131884e-06
-9.000000e+00	-8.800000e+00	3.690000e-04	8.590693e-06	8.590693e-06
-8.800000e+00	-8.600000e+00	7.314000e-04	1.209463e-05	1.209463e-05
-8.600000e+00	-8.400000e+00	1.416200e-03	1.682974e-05	1.682974e-05
-8.400000e+00	-8.200000e+00	2.705600e-03	2.326199e-05	2.326199e-05
-8.200000e+00	-8.000000e+00	4.979000e-03	3.155630e-05	3.155630e-05
-8.000000e+00	-7.800000e+00	8.849400e-03	4.206994e-05	4.206994e-05
-7.800000e+00	-7.600000e+00	1.509320e-02	5.494215e-05	5.494215e-05
-7.600000e+00	-7.400000e+00	2.457500e-02	7.010706e-05	7.010706e-05
-7.400000e+00	-7.200000e+00	3.838600e-02	8.761963e-05	8.761963e-05
-7.200000e+00	-7.000000e+00	5.723120e-02	1.069871e-04	1.069871e-04
-7.000000e+00	-6.800000e+00	8.190580e-02	1.279889e-04	1.279889e-04
-6.800000e+00	-6.600000e+00	1.129664e-01	1.503106e-04	1.503106e-04
-6.600000e+00	-6.400000e+00	1.502934e-01	1.733744e-04	1.733744e-04
-6.400000e+00	-6.200000e+00	1.932272e-01	1.965845e-04	1.965845e-04
-6.200000e+00	-6.000000e+00	2.406726e-01	2.193958e-04	2.193958e-04
-6.000000e+00	-5.800000e+00	2.913374e-01	2.413866e-04	2.413866e-04
-5.800000e+00	-5.600000e+00	3.435012e-01	2.621073e-04	2.621073e-04
-5.600000e+00	-5.400000e+00	3.950694e-01	2.810941e-04	2.810941e-04
-5.400000e+00	-5.200000e+00	4.454888e-01	2.984925e-04	2.984925e-04
-5.200000e+00	-5.000000e+00	4.936844e-01	3.142242e-04	3.142242e-04
-5.000000e+00	-4.800000e+00	5.394940e-01	3.284795e-04	3.284795e-04
-4.800000e+00	-4.600000e+00	5.830265e-01	3.414751e-04	3.414751e-04
-4.600000e+00	-4.400000e+00	6.244785e-01	3.534058e-04	3.534058e-04
-4.400000e+00	-4.200000e+00	6.634820e-01	3.642752e-04	3.642752e-04
-4.200000e+00	-4.000000e+00	7.005610e-01	3.743157e-04	3.743157e-04
-4.000000e+00	-3.800000e+00	7.356560e-01	3.835769e-04	3.835769e-04
-3.800000e+00	-3.600000e+00	7.686915e-01	3.920948e-04	3.920948e-04
-3.600000e+00	-3.400000e+00	7.995280e-01	3.998820e-04	3.998820e-04
-3.400000e+00	-3.200000e+00	8.282680e-01	4.070056e-04	4.070056e-04
-3.200000e+00	-3.000000e+00	8.548230e-01	4.134787e-04	4.134787e-04
-3.000000e+00	-2.800000e+00	8.791215e-01	4.193141e-04	4.193141e-04
-2.800000e+00	-2.600000e+00	9.012760e-01	4.245647e-04	4.245647e-04
-2.600000e+00	-2.400000e+00	9.212370e-01	4.292405e-04	4.292405e-04
-2.400000e+00	-2.200000e+00	9.389050e-01	4.333371e-04	4.333371e-04
-2.200000e+00	-2.000000e+00	9.544840e-01	4.369174e-04	4.369174e-04
-2.000000e+00	-1.800000e+00	9.679750e-01	4.399943e-04	4.399943e-04
-1.800000e+00	-1.600000e+00	9.794190e-01	4.425876e-04	4.425876e-04
-1.600000e+00	-1.400000e+00	9.888010e-01	4.447024e-04	4.447024e-04
-1.400000e+00	-1.200000e+00	9.958840e-01	4.462923e-04	4.462923e-04
-1.200000e+00	-1.000000e+00	9.996690e-01	4.471395e-04	4.471395e-04
-1.000000e+00	-8.000000e-01	9.999480e-01	4.472019e-04	4.472019e-04
-8.000000e-01	-6.000000e-01	9.984750e-01	4.468724e-04	4.468724e-04
-6.000000e-01	-4.000000e-01	9.878900e-01	4.444974e-04	4.444974e-04
-4.000000e-01	-2.000000e-01	9.547730e-01	4.369836e-04	4.369836e-04
-2.000000e-01	0.000000e+00	8.529000e-01	4.130133e-04	4.130133e-04
# END HISTO1D

