# BEGIN PLOT
Legend=1
LogY=1
Title=2-jet fraction ($E_\mathrm{CMS}=183$ GeV)
XLabel=$\log(y_\mathrm{cut})$
YLabel=$\sigma(\mathrm{2~jet})/\sigma(\mathrm{inclusive})$
LegendYPos=0.6
DrawOnly=/ALEPH_2004_S5765862/d199-x01-y01 //Users/apapaefs/Projects/Pyresias/Caitlyn_results/EE.yoda/ALEPH_2004_S5765862/d199-x01-y01
LegendOnly=/ALEPH_2004_S5765862/d199-x01-y01 //Users/apapaefs/Projects/Pyresias/Caitlyn_results/EE.yoda/ALEPH_2004_S5765862/d199-x01-y01
RatioPlot=1
RatioPlotReference=/ALEPH_2004_S5765862/d199-x01-y01
# END PLOT

# BEGIN HISTO1D /ALEPH_2004_S5765862/d199-x01-y01
ConnectBins=0
ErrorBars=1
IsRef=1
Path=/ALEPH_2004_S5765862/d199-x01-y01
PolyMarker=*
Title=Data
# xlow	 xhigh	 val	 errminus	 errplus
-4.300000e+00	-4.100000e+00	5.000000e-04	1.486607e-03	1.486607e-03
-4.100000e+00	-3.900000e+00	5.200000e-03	5.315073e-03	5.315073e-03
-3.900000e+00	-3.700000e+00	2.670000e-02	1.372953e-02	1.372953e-02
-3.700000e+00	-3.500000e+00	6.640000e-02	2.276071e-02	2.276071e-02
-3.500000e+00	-3.300000e+00	1.252000e-01	2.870279e-02	2.870279e-02
-3.300000e+00	-3.100000e+00	1.867000e-01	2.993877e-02	2.993877e-02
-3.100000e+00	-2.900000e+00	2.609000e-01	3.083018e-02	3.083018e-02
-2.900000e+00	-2.700000e+00	3.358000e-01	3.292795e-02	3.292795e-02
-2.700000e+00	-2.500000e+00	4.187000e-01	3.525025e-02	3.525025e-02
-2.500000e+00	-2.300000e+00	4.970000e-01	3.726043e-02	3.726043e-02
-2.300000e+00	-2.100000e+00	5.759000e-01	3.906098e-02	3.906098e-02
-2.100000e+00	-1.900000e+00	6.607000e-01	3.846102e-02	3.846102e-02
-1.900000e+00	-1.700000e+00	7.189000e-01	3.819071e-02	3.819071e-02
-1.700000e+00	-1.500000e+00	7.765000e-01	3.915227e-02	3.915227e-02
-1.500000e+00	-1.300000e+00	8.450000e-01	4.043390e-02	4.043390e-02
-1.300000e+00	-1.100000e+00	8.958000e-01	4.124379e-02	4.124379e-02
-1.100000e+00	-9.000000e-01	9.404000e-01	4.213609e-02	4.213609e-02
-9.000000e-01	-7.000000e-01	9.788000e-01	4.296894e-02	4.296894e-02
-7.000000e-01	-5.000000e-01	9.970000e-01	4.352298e-02	4.352298e-02
-5.000000e-01	-3.000000e-01	1.000000e+00	4.428318e-02	4.428318e-02
-3.000000e-01	-1.000000e-01	9.883000e-01	4.355973e-02	4.355973e-02
# END HISTO1D


# BEGIN HISTO1D //Users/apapaefs/Projects/Pyresias/Caitlyn_results/EE.yoda/ALEPH_2004_S5765862/d199-x01-y01
ErrorBars=1
LineColor=red
LineStyle=solid
Path=//Users/apapaefs/Projects/Pyresias/Caitlyn_results/EE.yoda/ALEPH_2004_S5765862/d199-x01-y01
ScaledBy=1.99999999999999991e-07
Title=Herwig 7 LO+$\tilde{q}$+MECorr
# xlow	 xhigh	 val	 errminus	 errplus
-4.300000e+00	-4.100000e+00	3.366000e-04	8.204877e-06	8.204877e-06
-4.100000e+00	-3.900000e+00	1.740400e-03	1.865690e-05	1.865690e-05
-3.900000e+00	-3.700000e+00	7.224600e-03	3.801210e-05	3.801210e-05
-3.700000e+00	-3.500000e+00	2.307160e-02	6.792879e-05	6.792879e-05
-3.500000e+00	-3.300000e+00	5.739900e-02	1.071438e-04	1.071438e-04
-3.300000e+00	-3.100000e+00	1.145654e-01	1.513707e-04	1.513707e-04
-3.100000e+00	-2.900000e+00	1.916734e-01	1.957924e-04	1.957924e-04
-2.900000e+00	-2.700000e+00	2.792652e-01	2.363325e-04	2.363325e-04
-2.700000e+00	-2.500000e+00	3.692644e-01	2.717589e-04	2.717589e-04
-2.500000e+00	-2.300000e+00	4.587922e-01	3.029165e-04	3.029165e-04
-2.300000e+00	-2.100000e+00	5.461670e-01	3.305048e-04	3.305048e-04
-2.100000e+00	-1.900000e+00	6.301470e-01	3.550062e-04	3.550062e-04
-1.900000e+00	-1.700000e+00	7.088065e-01	3.765121e-04	3.765121e-04
-1.700000e+00	-1.500000e+00	7.803905e-01	3.950672e-04	3.950672e-04
-1.500000e+00	-1.300000e+00	8.428270e-01	4.105671e-04	4.105671e-04
-1.300000e+00	-1.100000e+00	8.951060e-01	4.231089e-04	4.231089e-04
-1.100000e+00	-9.000000e-01	9.368715e-01	4.328675e-04	4.328675e-04
-9.000000e-01	-7.000000e-01	9.683015e-01	4.400685e-04	4.400685e-04
-7.000000e-01	-5.000000e-01	9.899060e-01	4.449508e-04	4.449508e-04
-5.000000e-01	-3.000000e-01	9.999435e-01	4.472009e-04	4.472009e-04
-3.000000e-01	-1.000000e-01	9.959270e-01	4.463019e-04	4.463019e-04
# END HISTO1D

