# BEGIN PLOT
Legend=1
LogY=1
Title=5-jet fraction ($E_\mathrm{CMS}=206$ GeV)
XLabel=$\log(y_\mathrm{cut})$
YLabel=$\sigma(\mathrm{5~jet})/\sigma(\mathrm{inclusive})$
LegendXPos=0.35
LegendYPos=0.6
DrawOnly=/ALEPH_2004_S5765862/d226-x01-y01 //Users/apapaefs/Projects/Pyresias/Caitlyn_results/EE.yoda/ALEPH_2004_S5765862/d226-x01-y01 //Users/apapaefs/Projects/Pyresias/Caitlyn_results/LHE-LEP-NoShower-Rivet-Caitlyn070725.yoda/ALEPH_2004_S5765862/d226-x01-y01 //Users/apapaefs/Projects/Pyresias/Caitlyn_results/LHE-LEP-NoShower-NoHadroniz-Rivet.yoda/ALEPH_2004_S5765862/d226-x01-y01 //Users/apapaefs/Projects/Pyresias/Caitlyn_results/LHE-LEP-NLO-NoShower-NoHadroniz-Rivet.yoda/ALEPH_2004_S5765862/d226-x01-y01
LegendOnly=/ALEPH_2004_S5765862/d226-x01-y01 //Users/apapaefs/Projects/Pyresias/Caitlyn_results/EE.yoda/ALEPH_2004_S5765862/d226-x01-y01 //Users/apapaefs/Projects/Pyresias/Caitlyn_results/LHE-LEP-NoShower-Rivet-Caitlyn070725.yoda/ALEPH_2004_S5765862/d226-x01-y01 //Users/apapaefs/Projects/Pyresias/Caitlyn_results/LHE-LEP-NoShower-NoHadroniz-Rivet.yoda/ALEPH_2004_S5765862/d226-x01-y01 //Users/apapaefs/Projects/Pyresias/Caitlyn_results/LHE-LEP-NLO-NoShower-NoHadroniz-Rivet.yoda/ALEPH_2004_S5765862/d226-x01-y01
RatioPlot=1
RatioPlotReference=/ALEPH_2004_S5765862/d226-x01-y01
# END PLOT

# BEGIN HISTO1D /ALEPH_2004_S5765862/d226-x01-y01
ConnectBins=0
ErrorBars=1
IsRef=1
Path=/ALEPH_2004_S5765862/d226-x01-y01
PolyMarker=*
Title=Data
# xlow	 xhigh	 val	 errminus	 errplus
-5.100000e+00	-4.900000e+00	6.000000e-04	1.063015e-03	1.063015e-03
-4.900000e+00	-4.700000e+00	2.900000e-03	1.664332e-03	1.664332e-03
-4.700000e+00	-4.500000e+00	1.520000e-02	3.352611e-03	3.352611e-03
-4.500000e+00	-4.300000e+00	5.450000e-02	6.403124e-03	6.403124e-03
-4.300000e+00	-4.100000e+00	1.231000e-01	1.000900e-02	1.000900e-02
-4.100000e+00	-3.900000e+00	1.845000e-01	1.222497e-02	1.222497e-02
-3.900000e+00	-3.700000e+00	2.229000e-01	1.315751e-02	1.315751e-02
-3.700000e+00	-3.500000e+00	2.172000e-01	1.271220e-02	1.271220e-02
-3.500000e+00	-3.300000e+00	1.666000e-01	1.280156e-02	1.280156e-02
-3.300000e+00	-3.100000e+00	1.339000e-01	1.198874e-02	1.198874e-02
-3.100000e+00	-2.900000e+00	8.800000e-02	1.004988e-02	1.004988e-02
-2.900000e+00	-2.700000e+00	5.730000e-02	7.783315e-03	7.783315e-03
-2.700000e+00	-2.500000e+00	3.380000e-02	6.539113e-03	6.539113e-03
-2.500000e+00	-2.300000e+00	1.250000e-02	4.882622e-03	4.882622e-03
-2.300000e+00	-2.100000e+00	2.200000e-03	2.920616e-03	2.920616e-03
-2.100000e+00	-1.900000e+00	5.000000e-04	2.692582e-03	2.692582e-03
-1.900000e+00	-1.700000e+00	3.800000e-03	5.597321e-03	5.597321e-03
-1.700000e+00	-1.500000e+00	1.100000e-03	6.209670e-03	6.209670e-03
# END HISTO1D


# BEGIN HISTO1D //Users/apapaefs/Projects/Pyresias/Caitlyn_results/EE.yoda/ALEPH_2004_S5765862/d226-x01-y01
ErrorBars=1
LineColor=red
LineStyle=solid
Path=//Users/apapaefs/Projects/Pyresias/Caitlyn_results/EE.yoda/ALEPH_2004_S5765862/d226-x01-y01
ScaledBy=1.99999999999999991e-07
Title=Herwig 7 LO+$\tilde{q}$+MECorr
# xlow	 xhigh	 val	 errminus	 errplus
-5.100000e+00	-4.900000e+00	6.432000e-04	1.134196e-05	1.134196e-05
-4.900000e+00	-4.700000e+00	2.801000e-03	2.366854e-05	2.366854e-05
-4.700000e+00	-4.500000e+00	1.079260e-02	4.645988e-05	4.645988e-05
-4.500000e+00	-4.300000e+00	3.357160e-02	8.194095e-05	8.194095e-05
-4.300000e+00	-4.100000e+00	7.964480e-02	1.262100e-04	1.262100e-04
-4.100000e+00	-3.900000e+00	1.432406e-01	1.692576e-04	1.692576e-04
-3.900000e+00	-3.700000e+00	2.016774e-01	2.008369e-04	2.008369e-04
-3.700000e+00	-3.500000e+00	2.286724e-01	2.138562e-04	2.138562e-04
-3.500000e+00	-3.300000e+00	2.158506e-01	2.077742e-04	2.077742e-04
-3.300000e+00	-3.100000e+00	1.747856e-01	1.869682e-04	1.869682e-04
-3.100000e+00	-2.900000e+00	1.252792e-01	1.582904e-04	1.582904e-04
-2.900000e+00	-2.700000e+00	8.114180e-02	1.273906e-04	1.273906e-04
-2.700000e+00	-2.500000e+00	4.776180e-02	9.773618e-05	9.773618e-05
-2.500000e+00	-2.300000e+00	2.527880e-02	7.110387e-05	7.110387e-05
-2.300000e+00	-2.100000e+00	1.176100e-02	4.849948e-05	4.849948e-05
-2.100000e+00	-1.900000e+00	4.616200e-03	3.038486e-05	3.038486e-05
-1.900000e+00	-1.700000e+00	1.430800e-03	1.691626e-05	1.691626e-05
-1.700000e+00	-1.500000e+00	3.068000e-04	7.833262e-06	7.833262e-06
# END HISTO1D


# BEGIN HISTO1D //Users/apapaefs/Projects/Pyresias/Caitlyn_results/LHE-LEP-NoShower-Rivet-Caitlyn070725.yoda/ALEPH_2004_S5765862/d226-x01-y01
ErrorBars=1
LineColor=blue
LineStyle=solid
Path=//Users/apapaefs/Projects/Pyresias/Caitlyn_results/LHE-LEP-NoShower-Rivet-Caitlyn070725.yoda/ALEPH_2004_S5765862/d226-x01-y01
ScaledBy=1.00009600921688489e-06
Title=Caitlyn, Jul8 2025
# xlow	 xhigh	 val	 errminus	 errplus
-5.100000e+00	-4.900000e+00	8.100780e-04	2.846323e-05	2.846323e-05
-4.900000e+00	-4.700000e+00	3.751360e-03	6.125129e-05	6.125129e-05
-4.700000e+00	-4.500000e+00	1.484742e-02	1.218559e-04	1.218559e-04
-4.500000e+00	-4.300000e+00	4.543136e-02	2.131566e-04	2.131566e-04
-4.300000e+00	-4.100000e+00	1.025158e-01	3.201963e-04	3.201963e-04
-4.100000e+00	-3.900000e+00	1.690313e-01	4.111538e-04	4.111538e-04
-3.900000e+00	-3.700000e+00	2.156277e-01	4.643796e-04	4.643796e-04
-3.700000e+00	-3.500000e+00	2.212692e-01	4.704152e-04	4.704152e-04
-3.500000e+00	-3.300000e+00	1.877680e-01	4.333429e-04	4.333429e-04
-3.300000e+00	-3.100000e+00	1.375922e-01	3.709521e-04	3.709521e-04
-3.100000e+00	-2.900000e+00	8.971460e-02	2.995384e-04	2.995384e-04
-2.900000e+00	-2.700000e+00	5.529430e-02	2.351587e-04	2.351587e-04
-2.700000e+00	-2.500000e+00	3.246611e-02	1.801922e-04	1.801922e-04
-2.500000e+00	-2.300000e+00	1.804073e-02	1.343222e-04	1.343222e-04
-2.300000e+00	-2.100000e+00	9.123875e-03	9.552357e-05	9.552357e-05
-2.100000e+00	-1.900000e+00	4.062390e-03	6.373994e-05	6.373994e-05
-1.900000e+00	-1.700000e+00	1.473142e-03	3.838337e-05	3.838337e-05
-1.700000e+00	-1.500000e+00	3.550341e-04	1.884325e-05	1.884325e-05
# END HISTO1D


# BEGIN HISTO1D //Users/apapaefs/Projects/Pyresias/Caitlyn_results/LHE-LEP-NoShower-NoHadroniz-Rivet.yoda/ALEPH_2004_S5765862/d226-x01-y01
ErrorBars=1
LineColor=green
LineStyle=solid
Path=//Users/apapaefs/Projects/Pyresias/Caitlyn_results/LHE-LEP-NoShower-NoHadroniz-Rivet.yoda/ALEPH_2004_S5765862/d226-x01-y01
ScaledBy=9.99999999999999955e-07
Title=MG5 LO, No Shr
# xlow	 xhigh	 val	 errminus	 errplus
-5.100000e+00	-4.900000e+00	0.000000e+00	0.000000e+00	0.000000e+00
-4.900000e+00	-4.700000e+00	0.000000e+00	0.000000e+00	0.000000e+00
-4.700000e+00	-4.500000e+00	0.000000e+00	0.000000e+00	0.000000e+00
-4.500000e+00	-4.300000e+00	0.000000e+00	0.000000e+00	0.000000e+00
-4.300000e+00	-4.100000e+00	0.000000e+00	0.000000e+00	0.000000e+00
-4.100000e+00	-3.900000e+00	0.000000e+00	0.000000e+00	0.000000e+00
-3.900000e+00	-3.700000e+00	0.000000e+00	0.000000e+00	0.000000e+00
-3.700000e+00	-3.500000e+00	0.000000e+00	0.000000e+00	0.000000e+00
-3.500000e+00	-3.300000e+00	0.000000e+00	0.000000e+00	0.000000e+00
-3.300000e+00	-3.100000e+00	0.000000e+00	0.000000e+00	0.000000e+00
-3.100000e+00	-2.900000e+00	0.000000e+00	0.000000e+00	0.000000e+00
-2.900000e+00	-2.700000e+00	0.000000e+00	0.000000e+00	0.000000e+00
-2.700000e+00	-2.500000e+00	0.000000e+00	0.000000e+00	0.000000e+00
-2.500000e+00	-2.300000e+00	0.000000e+00	0.000000e+00	0.000000e+00
-2.300000e+00	-2.100000e+00	0.000000e+00	0.000000e+00	0.000000e+00
-2.100000e+00	-1.900000e+00	0.000000e+00	0.000000e+00	0.000000e+00
-1.900000e+00	-1.700000e+00	0.000000e+00	0.000000e+00	0.000000e+00
-1.700000e+00	-1.500000e+00	0.000000e+00	0.000000e+00	0.000000e+00
# END HISTO1D


# BEGIN HISTO1D //Users/apapaefs/Projects/Pyresias/Caitlyn_results/LHE-LEP-NLO-NoShower-NoHadroniz-Rivet.yoda/ALEPH_2004_S5765862/d226-x01-y01
ErrorBars=1
LineColor=orange
LineStyle=solid
Path=//Users/apapaefs/Projects/Pyresias/Caitlyn_results/LHE-LEP-NLO-NoShower-NoHadroniz-Rivet.yoda/ALEPH_2004_S5765862/d226-x01-y01
ScaledBy=1.24059935836201196e-06
Title=MG5 NLO, No Shr
# xlow	 xhigh	 val	 errminus	 errplus
-5.100000e+00	-4.900000e+00	0.000000e+00	0.000000e+00	0.000000e+00
-4.900000e+00	-4.700000e+00	0.000000e+00	0.000000e+00	0.000000e+00
-4.700000e+00	-4.500000e+00	0.000000e+00	0.000000e+00	0.000000e+00
-4.500000e+00	-4.300000e+00	0.000000e+00	0.000000e+00	0.000000e+00
-4.300000e+00	-4.100000e+00	0.000000e+00	0.000000e+00	0.000000e+00
-4.100000e+00	-3.900000e+00	0.000000e+00	0.000000e+00	0.000000e+00
-3.900000e+00	-3.700000e+00	0.000000e+00	0.000000e+00	0.000000e+00
-3.700000e+00	-3.500000e+00	0.000000e+00	0.000000e+00	0.000000e+00
-3.500000e+00	-3.300000e+00	0.000000e+00	0.000000e+00	0.000000e+00
-3.300000e+00	-3.100000e+00	0.000000e+00	0.000000e+00	0.000000e+00
-3.100000e+00	-2.900000e+00	0.000000e+00	0.000000e+00	0.000000e+00
-2.900000e+00	-2.700000e+00	0.000000e+00	0.000000e+00	0.000000e+00
-2.700000e+00	-2.500000e+00	0.000000e+00	0.000000e+00	0.000000e+00
-2.500000e+00	-2.300000e+00	0.000000e+00	0.000000e+00	0.000000e+00
-2.300000e+00	-2.100000e+00	0.000000e+00	0.000000e+00	0.000000e+00
-2.100000e+00	-1.900000e+00	0.000000e+00	0.000000e+00	0.000000e+00
-1.900000e+00	-1.700000e+00	0.000000e+00	0.000000e+00	0.000000e+00
-1.700000e+00	-1.500000e+00	0.000000e+00	0.000000e+00	0.000000e+00
# END HISTO1D

