# BEGIN PLOT
Legend=1
LogY=1
Title=C-Parameter ($E_\mathrm{CMS}=91.2$ GeV)
XLabel=$C$
YLabel=$1/\sigma \; \mathrm{d}\sigma/\mathrm{d}C$
LegendXPos=0.15
LegendYPos=0.6
DrawOnly=/ALEPH_2004_S5765862/d86-x01-y01 //Users/apapaefs/Projects/Pyresias/Caitlyn_results/EE.yoda/ALEPH_2004_S5765862/d86-x01-y01
LegendOnly=/ALEPH_2004_S5765862/d86-x01-y01 //Users/apapaefs/Projects/Pyresias/Caitlyn_results/EE.yoda/ALEPH_2004_S5765862/d86-x01-y01
RatioPlot=1
RatioPlotReference=/ALEPH_2004_S5765862/d86-x01-y01
# END PLOT

# BEGIN HISTO1D /ALEPH_2004_S5765862/d86-x01-y01
ConnectBins=0
ErrorBars=1
IsRef=1
Path=/ALEPH_2004_S5765862/d86-x01-y01
PolyMarker=*
Title=Data
# xlow	 xhigh	 val	 errminus	 errplus
0.000000e+00	2.000000e-02	6.711000e-02	6.522147e-02	6.522147e-02
2.000000e-02	4.000000e-02	1.725200e-01	1.732184e-02	1.732184e-02
4.000000e-02	6.000000e-02	9.903800e-01	5.928157e-02	5.928157e-02
6.000000e-02	8.000000e-02	2.637860e+00	1.470914e-01	1.470914e-01
8.000000e-02	1.000000e-01	4.051420e+00	2.145353e-01	2.145353e-01
1.000000e-01	1.200000e-01	4.374760e+00	2.272031e-01	2.272031e-01
1.200000e-01	1.400000e-01	3.975320e+00	7.806441e-02	7.806441e-02
1.400000e-01	1.600000e-01	3.422430e+00	6.772863e-02	6.772863e-02
1.600000e-01	1.800000e-01	2.929730e+00	6.094941e-02	6.094941e-02
1.800000e-01	2.000000e-01	2.548540e+00	3.268407e-02	3.268407e-02
2.000000e-01	2.200000e-01	2.250120e+00	2.902130e-02	2.902130e-02
2.200000e-01	2.400000e-01	1.977010e+00	3.172943e-02	3.172943e-02
2.400000e-01	2.600000e-01	1.801340e+00	2.592662e-02	2.592662e-02
2.600000e-01	2.800000e-01	1.605940e+00	1.932028e-02	1.932028e-02
2.800000e-01	3.000000e-01	1.453210e+00	1.618114e-02	1.618114e-02
3.000000e-01	3.200000e-01	1.299520e+00	4.055223e-02	4.055223e-02
3.200000e-01	3.400000e-01	1.186030e+00	3.691786e-02	3.691786e-02
3.400000e-01	3.600000e-01	1.081690e+00	3.259402e-02	3.259402e-02
3.600000e-01	3.800000e-01	1.019950e+00	3.531179e-02	3.531179e-02
3.800000e-01	4.000000e-01	9.276800e-01	3.292740e-02	3.292740e-02
4.000000e-01	4.200000e-01	8.626700e-01	3.127544e-02	3.127544e-02
4.200000e-01	4.400000e-01	7.951200e-01	2.164832e-02	2.164832e-02
4.400000e-01	4.600000e-01	7.507400e-01	2.321866e-02	2.321866e-02
4.600000e-01	4.800000e-01	6.940800e-01	1.897085e-02	1.897085e-02
4.800000e-01	5.000000e-01	6.293100e-01	2.656544e-02	2.656544e-02
5.000000e-01	5.200000e-01	6.022700e-01	2.400893e-02	2.400893e-02
5.200000e-01	5.400000e-01	5.587000e-01	2.356577e-02	2.356577e-02
5.400000e-01	5.600000e-01	5.327200e-01	2.137970e-02	2.137970e-02
5.600000e-01	5.800000e-01	5.038800e-01	1.872664e-02	1.872664e-02
5.800000e-01	6.000000e-01	4.591800e-01	1.952863e-02	1.952863e-02
6.000000e-01	6.200000e-01	4.264200e-01	2.179867e-02	2.179867e-02
6.200000e-01	6.400000e-01	4.098400e-01	2.138274e-02	2.138274e-02
6.400000e-01	6.600000e-01	3.777900e-01	1.937490e-02	1.937490e-02
6.600000e-01	6.800000e-01	3.556300e-01	1.755582e-02	1.755582e-02
6.800000e-01	7.000000e-01	3.400000e-01	1.423789e-02	1.423789e-02
7.000000e-01	7.200000e-01	3.220500e-01	1.401127e-02	1.401127e-02
7.200000e-01	7.400000e-01	3.028600e-01	1.477789e-02	1.477789e-02
7.400000e-01	7.600000e-01	2.883800e-01	1.392238e-02	1.392238e-02
7.600000e-01	7.800000e-01	2.714700e-01	1.359709e-02	1.359709e-02
7.800000e-01	8.000000e-01	2.274200e-01	2.199366e-02	2.199366e-02
8.000000e-01	8.200000e-01	1.754200e-01	1.655307e-02	1.655307e-02
8.200000e-01	8.400000e-01	1.191900e-01	1.151773e-02	1.151773e-02
8.400000e-01	8.600000e-01	8.324000e-02	1.151929e-02	1.151929e-02
8.600000e-01	8.800000e-01	5.707000e-02	7.795499e-03	7.795499e-03
8.800000e-01	9.000000e-01	3.548000e-02	5.816752e-03	5.816752e-03
9.000000e-01	9.200000e-01	2.111000e-02	4.886604e-03	4.886604e-03
9.200000e-01	9.400000e-01	1.266000e-02	3.057286e-03	3.057286e-03
9.400000e-01	9.600000e-01	8.920000e-03	2.247198e-03	2.247198e-03
9.600000e-01	9.800000e-01	2.920000e-03	8.307828e-04	8.307828e-04
9.800000e-01	1.000000e+00	9.100000e-04	4.064480e-04	4.064480e-04
# END HISTO1D


# BEGIN HISTO1D //Users/apapaefs/Projects/Pyresias/Caitlyn_results/EE.yoda/ALEPH_2004_S5765862/d86-x01-y01
ErrorBars=1
LineColor=red
LineStyle=solid
Path=//Users/apapaefs/Projects/Pyresias/Caitlyn_results/EE.yoda/ALEPH_2004_S5765862/d86-x01-y01
ScaledBy=1.99999999999999991e-07
Title=Herwig 7 LO+$\tilde{q}$+MECorr
# xlow	 xhigh	 val	 errminus	 errplus
0.000000e+00	2.000000e-02	3.221000e-02	5.675385e-04	5.675385e-04
2.000000e-02	4.000000e-02	2.751700e-01	1.658825e-03	1.658825e-03
4.000000e-02	6.000000e-02	1.084340e+00	3.292932e-03	3.292932e-03
6.000000e-02	8.000000e-02	2.300170e+00	4.796009e-03	4.796009e-03
8.000000e-02	1.000000e-01	3.290720e+00	5.736480e-03	5.736480e-03
1.000000e-01	1.200000e-01	3.631770e+00	6.026417e-03	6.026417e-03
1.200000e-01	1.400000e-01	3.551540e+00	5.959480e-03	5.959480e-03
1.400000e-01	1.600000e-01	3.287690e+00	5.733838e-03	5.733838e-03
1.600000e-01	1.800000e-01	2.959260e+00	5.439908e-03	5.439908e-03
1.800000e-01	2.000000e-01	2.655730e+00	5.153378e-03	5.153378e-03
2.000000e-01	2.200000e-01	2.385220e+00	4.883871e-03	4.883871e-03
2.200000e-01	2.400000e-01	2.138770e+00	4.624684e-03	4.624684e-03
2.400000e-01	2.600000e-01	1.929120e+00	4.392175e-03	4.392175e-03
2.600000e-01	2.800000e-01	1.749240e+00	4.182392e-03	4.182392e-03
2.800000e-01	3.000000e-01	1.586350e+00	3.982901e-03	3.982901e-03
3.000000e-01	3.200000e-01	1.437710e+00	3.791715e-03	3.791715e-03
3.200000e-01	3.400000e-01	1.308580e+00	3.617430e-03	3.617430e-03
3.400000e-01	3.600000e-01	1.192130e+00	3.452724e-03	3.452724e-03
3.600000e-01	3.800000e-01	1.102640e+00	3.320602e-03	3.320602e-03
3.800000e-01	4.000000e-01	1.005760e+00	3.171372e-03	3.171372e-03
4.000000e-01	4.200000e-01	9.272900e-01	3.045144e-03	3.045144e-03
4.200000e-01	4.400000e-01	8.593500e-01	2.931467e-03	2.931467e-03
4.400000e-01	4.600000e-01	7.919200e-01	2.814107e-03	2.814107e-03
4.600000e-01	4.800000e-01	7.403200e-01	2.720882e-03	2.720882e-03
4.800000e-01	5.000000e-01	6.821000e-01	2.611704e-03	2.611704e-03
5.000000e-01	5.200000e-01	6.322500e-01	2.514458e-03	2.514458e-03
5.200000e-01	5.400000e-01	5.913200e-01	2.431707e-03	2.431707e-03
5.400000e-01	5.600000e-01	5.517600e-01	2.348957e-03	2.348957e-03
5.600000e-01	5.800000e-01	5.161300e-01	2.271849e-03	2.271849e-03
5.800000e-01	6.000000e-01	4.853300e-01	2.203021e-03	2.203021e-03
6.000000e-01	6.200000e-01	4.554600e-01	2.134151e-03	2.134151e-03
6.200000e-01	6.400000e-01	4.227100e-01	2.055991e-03	2.055991e-03
6.400000e-01	6.600000e-01	4.011700e-01	2.002923e-03	2.002923e-03
6.600000e-01	6.800000e-01	3.793500e-01	1.947691e-03	1.947691e-03
6.800000e-01	7.000000e-01	3.628300e-01	1.904810e-03	1.904810e-03
7.000000e-01	7.200000e-01	3.448400e-01	1.856987e-03	1.856987e-03
7.200000e-01	7.400000e-01	3.327400e-01	1.824116e-03	1.824116e-03
7.400000e-01	7.600000e-01	3.218600e-01	1.794046e-03	1.794046e-03
7.600000e-01	7.800000e-01	3.082900e-01	1.755819e-03	1.755819e-03
7.800000e-01	8.000000e-01	2.764000e-01	1.662528e-03	1.662528e-03
8.000000e-01	8.200000e-01	2.194600e-01	1.481418e-03	1.481418e-03
8.200000e-01	8.400000e-01	1.616800e-01	1.271535e-03	1.271535e-03
8.400000e-01	8.600000e-01	1.175600e-01	1.084251e-03	1.084251e-03
8.600000e-01	8.800000e-01	8.124000e-02	9.013323e-04	9.013323e-04
8.800000e-01	9.000000e-01	5.620000e-02	7.496666e-04	7.496666e-04
9.000000e-01	9.200000e-01	3.601000e-02	6.000833e-04	6.000833e-04
9.200000e-01	9.400000e-01	2.178000e-02	4.666905e-04	4.666905e-04
9.400000e-01	9.600000e-01	1.232000e-02	3.509986e-04	3.509986e-04
9.600000e-01	9.800000e-01	5.210000e-03	2.282542e-04	2.282542e-04
9.800000e-01	1.000000e+00	9.900000e-04	9.949874e-05	9.949874e-05
# END HISTO1D

