# BEGIN PLOT
Legend=1
LogY=1
Title=Thrust major ($E_\mathrm{CMS}=91.2$ GeV)
XLabel=$T_\mathrm{major}$
YLabel=$1/\sigma \; \mathrm{d}\sigma/\mathrm{d}T_\mathrm{major}$
LegendXPos=0.15
LegendYPos=0.6
DrawOnly=/ALEPH_2004_S5765862/d94-x01-y01 //Users/apapaefs/Projects/Pyresias/Caitlyn_results/EE.yoda/ALEPH_2004_S5765862/d94-x01-y01
LegendOnly=/ALEPH_2004_S5765862/d94-x01-y01 //Users/apapaefs/Projects/Pyresias/Caitlyn_results/EE.yoda/ALEPH_2004_S5765862/d94-x01-y01
RatioPlot=1
RatioPlotReference=/ALEPH_2004_S5765862/d94-x01-y01
# END PLOT

# BEGIN HISTO1D /ALEPH_2004_S5765862/d94-x01-y01
ConnectBins=0
ErrorBars=1
IsRef=1
Path=/ALEPH_2004_S5765862/d94-x01-y01
PolyMarker=*
Title=Data
# xlow	 xhigh	 val	 errminus	 errplus
0.000000e+00	2.000000e-02	2.115000e-02	2.263183e-02	2.263183e-02
2.000000e-02	4.000000e-02	2.279000e-01	1.300624e-01	1.300624e-01
4.000000e-02	6.000000e-02	2.157700e+00	1.679835e-01	1.679835e-01
6.000000e-02	8.000000e-02	5.796250e+00	2.104402e-01	2.104402e-01
8.000000e-02	1.000000e-01	6.619700e+00	2.244394e-01	2.244394e-01
1.000000e-01	1.200000e-01	5.865100e+00	1.990561e-01	1.990561e-01
1.200000e-01	1.400000e-01	4.686210e+00	8.153786e-02	8.153786e-02
1.400000e-01	1.600000e-01	3.795440e+00	6.587703e-02	6.587703e-02
1.600000e-01	1.800000e-01	3.156290e+00	5.636535e-02	5.636535e-02
1.800000e-01	2.000000e-01	2.646090e+00	1.052932e-01	1.052932e-01
2.000000e-01	2.200000e-01	2.242510e+00	8.815534e-02	8.815534e-02
2.200000e-01	2.400000e-01	1.912770e+00	7.526172e-02	7.526172e-02
2.400000e-01	2.600000e-01	1.625500e+00	7.654977e-02	7.654977e-02
2.600000e-01	2.800000e-01	1.429200e+00	6.318096e-02	6.318096e-02
2.800000e-01	3.000000e-01	1.205500e+00	5.321354e-02	5.321354e-02
3.000000e-01	3.200000e-01	1.059600e+00	3.956245e-02	3.956245e-02
3.200000e-01	3.400000e-01	9.127000e-01	3.464028e-02	3.464028e-02
3.400000e-01	3.600000e-01	7.941700e-01	3.085183e-02	3.085183e-02
3.600000e-01	3.800000e-01	6.751200e-01	3.339775e-02	3.339775e-02
3.800000e-01	4.000000e-01	5.945100e-01	2.751222e-02	2.751222e-02
4.000000e-01	4.200000e-01	5.171500e-01	2.435876e-02	2.435876e-02
4.200000e-01	4.400000e-01	4.344000e-01	1.954004e-02	1.954004e-02
4.400000e-01	4.600000e-01	3.662300e-01	1.819471e-02	1.819471e-02
4.600000e-01	4.800000e-01	3.111100e-01	1.545399e-02	1.545399e-02
4.800000e-01	5.000000e-01	2.650600e-01	1.515546e-02	1.515546e-02
5.000000e-01	5.200000e-01	2.096700e-01	1.131721e-02	1.131721e-02
5.200000e-01	5.400000e-01	1.722700e-01	1.054928e-02	1.054928e-02
5.400000e-01	5.600000e-01	1.248400e-01	1.385283e-02	1.385283e-02
5.600000e-01	5.800000e-01	8.532000e-02	9.065837e-03	9.065837e-03
5.800000e-01	6.000000e-01	5.172000e-02	6.117401e-03	6.117401e-03
6.000000e-01	6.200000e-01	2.430000e-02	5.235599e-03	5.235599e-03
6.200000e-01	6.400000e-01	1.126000e-02	2.619160e-03	2.619160e-03
6.400000e-01	6.600000e-01	2.910000e-03	7.569016e-04	7.569016e-04
6.600000e-01	6.800000e-01	3.300000e-04	1.097400e-01	1.097400e-01
6.800000e-01	7.000000e-01	2.000000e-05	7.440087e-03	7.440087e-03
# END HISTO1D


# BEGIN HISTO1D //Users/apapaefs/Projects/Pyresias/Caitlyn_results/EE.yoda/ALEPH_2004_S5765862/d94-x01-y01
ErrorBars=1
LineColor=red
LineStyle=solid
Path=//Users/apapaefs/Projects/Pyresias/Caitlyn_results/EE.yoda/ALEPH_2004_S5765862/d94-x01-y01
ScaledBy=1.99999999999999991e-07
Title=Herwig 7 LO+$\tilde{q}$+MECorr
# xlow	 xhigh	 val	 errminus	 errplus
0.000000e+00	2.000000e-02	2.470000e-03	1.571623e-04	1.571623e-04
2.000000e-02	4.000000e-02	1.181500e-01	1.086968e-03	1.086968e-03
4.000000e-02	6.000000e-02	1.426820e+00	3.777327e-03	3.777327e-03
6.000000e-02	8.000000e-02	4.091450e+00	6.396444e-03	6.396444e-03
8.000000e-02	1.000000e-01	5.971120e+00	7.727302e-03	7.727302e-03
1.000000e-01	1.200000e-01	6.156880e+00	7.846579e-03	7.846579e-03
1.200000e-01	1.400000e-01	5.239060e+00	7.238135e-03	7.238135e-03
1.400000e-01	1.600000e-01	4.312800e+00	6.567191e-03	6.567191e-03
1.600000e-01	1.800000e-01	3.561870e+00	5.968140e-03	5.968140e-03
1.800000e-01	2.000000e-01	2.960110e+00	5.440689e-03	5.440689e-03
2.000000e-01	2.200000e-01	2.483660e+00	4.983633e-03	4.983633e-03
2.200000e-01	2.400000e-01	2.091610e+00	4.573412e-03	4.573412e-03
2.400000e-01	2.600000e-01	1.778630e+00	4.217381e-03	4.217381e-03
2.600000e-01	2.800000e-01	1.510930e+00	3.887068e-03	3.887068e-03
2.800000e-01	3.000000e-01	1.296620e+00	3.600861e-03	3.600861e-03
3.000000e-01	3.200000e-01	1.112050e+00	3.334741e-03	3.334741e-03
3.200000e-01	3.400000e-01	9.467100e-01	3.076865e-03	3.076865e-03
3.400000e-01	3.600000e-01	8.181900e-01	2.860402e-03	2.860402e-03
3.600000e-01	3.800000e-01	7.118600e-01	2.668070e-03	2.668070e-03
3.800000e-01	4.000000e-01	6.114600e-01	2.472772e-03	2.472772e-03
4.000000e-01	4.200000e-01	5.257700e-01	2.292968e-03	2.292968e-03
4.200000e-01	4.400000e-01	4.608800e-01	2.146812e-03	2.146812e-03
4.400000e-01	4.600000e-01	3.957400e-01	1.989321e-03	1.989321e-03
4.600000e-01	4.800000e-01	3.418100e-01	1.848810e-03	1.848810e-03
4.800000e-01	5.000000e-01	2.889200e-01	1.699765e-03	1.699765e-03
5.000000e-01	5.200000e-01	2.416100e-01	1.554381e-03	1.554381e-03
5.200000e-01	5.400000e-01	1.898900e-01	1.378006e-03	1.378006e-03
5.400000e-01	5.600000e-01	1.424200e-01	1.193399e-03	1.193399e-03
5.600000e-01	5.800000e-01	9.917000e-02	9.958414e-04	9.958414e-04
5.800000e-01	6.000000e-01	6.167000e-02	7.853025e-04	7.853025e-04
6.000000e-01	6.200000e-01	3.219000e-02	5.673623e-04	5.673623e-04
6.200000e-01	6.400000e-01	1.381000e-02	3.716181e-04	3.716181e-04
6.400000e-01	6.600000e-01	3.340000e-03	1.827567e-04	1.827567e-04
6.600000e-01	6.800000e-01	3.300000e-04	5.744563e-05	5.744563e-05
6.800000e-01	7.000000e-01	0.000000e+00	0.000000e+00	0.000000e+00
# END HISTO1D

